Keyword Stats 2026-09-29 at 14_53_23
1 de setembro de 2025 - 31 de agosto de 2026
Keyword	Currency	Avg. monthly searches	Mudança em três meses	Mudança YoY	Competition	Competition (indexed value)	Top of page bid (low range)	Top of page bid (high range)	Ad impression share	Organic impression share	Organic average position	In account?	In plan?	Searches: Sep 2025	Searches: Oct 2025	Searches: Nov 2025	Searches: Dec 2025	Searches: Jan 2026	Searches: Feb 2026	Searches: Mar 2026	Searches: Apr 2026	Searches: May 2026	Searches: Jun 2026	Searches: Jul 2026	Searches: Aug 2026
apartamento para alugar	BRL	5000	0%	0%	Alto	72	"0,51"	"2,44"																	
casa para alugar	BRL	50000	0%	0%	Alto	71	"0,39"	"1,40"				Y													
apartamento a venda	BRL	5000	0%	0%	Alto	72	"1,08"	"5,32"				Y													
apartamento para alugar são paulo	BRL	5000	900%	900%	Alto	78	"0,54"	"3,41"																	
kitnet para alugar	BRL	5000	0%	0%	Médio	57	"0,19"	"1,38"																	
zap imoveis rio de janeiro	BRL	50	0%	0%	Médio	35	"0,41"	"4,31"																	
apartamento para alugar em curitiba	BRL	500	0%	0%	Alto	71	"0,17"	"1,35"																	
alugar apartamento	BRL	5000	0%	0%	Alto	76	"0,50"	"3,08"				Y													
zapimoveis	BRL	50000	0%	0%	Médio	42	"0,08"	"1,67"																	
comprar apartamento são paulo	BRL	5000	900%	0%	Alto	82	"1,96"	"9,66"				Y													
zap imoveis são paulo	BRL	500	900%	900%	Médio	51	"0,45"	"2,75"																	
alugar casa	BRL	5000	0%	0%	Alto	76	"0,50"	"2,10"																	
apartamento a venda em curitiba	BRL	500	0%	0%	Alto	68	"0,21"	"1,71"																	
alugar apartamento são paulo	BRL	5000	0%	0%	Alto	80	"0,66"	"4,21"																	
apartamento vila mariana	BRL	5000	0%	0%	Alto	77	"0,94"	"6,15"																	
apartamento a venda são paulo	BRL	5000	0%	0%	Alto	79	"1,22"	"6,00"																	
aluguel apartamento	BRL	5000	0%	0%	Alto	76	"0,50"	"3,08"																	
casas para alugar são paulo	BRL	50000	0%	0%	Alto	77	"0,36"	"1,66"																	
aluguel de apartamento	BRL	500	0%	0%	Alto	73	"0,56"	"3,83"				Y													
apartamento para comprar são paulo	BRL	5000	0%	0%	Alto	81	"1,90"	"7,83"				Y													
imoveis a venda	BRL	500	0%	-90%	Alto	71	"0,82"	"5,15"				Y													
kitnet para alugar são paulo	BRL	5000	0%	0%	Alto	71	"0,30"	"2,20"																	
apartamento em sao paulo	BRL	500	0%	0%	Alto	78	"1,57"	"6,87"				Y													
anunciar apartamento	BRL	50	0%	0%	Alto	76	"6,53"	"1016,02"																	
aluguel sao paulo	BRL	5000	0%	0%	Alto	79	"0,59"	"3,48"																	
apartamento sao paulo	BRL	500	0%	0%	Alto	73	"1,21"	"6,74"				Y													
casa alugar	BRL	5000	0%	0%	Alto	68	"0,39"	"1,76"																	
aluguel de imoveis	BRL	500	0%	0%	Alto	73	"0,64"	"4,04"																	
apartamento para alugar em sao paulo	BRL	5000	900%	900%	Alto	78	"0,54"	"3,41"																	
apartamento para alugar rio de janeiro	BRL	500	0%	0%	Alto	79	"0,28"	"2,45"																	
casas a venda são paulo	BRL	5000	0%	0%	Alto	76	"0,52"	"3,79"																	
apartamento porto alegre	BRL	50	0%	0%	Médio	50	"0,23"	"2,76"																	
apartamento pinheiros	BRL	500	0%	-90%	Alto	74	"1,16"	"7,38"																	
apartamento perdizes	BRL	5000	900%	0%	Alto	80	"1,02"	"6,58"				Y													
aluguel de apartamento são paulo	BRL	500	0%	0%	Alto	80	"0,72"	"4,86"																	
zap imoveis porto alegre	BRL	50	0%	0%	Médio	60	"0,48"	"2,39"																	
apartamento para alugar curitiba	BRL	500	0%	0%	Alto	71	"0,17"	"1,35"																	
apartamentos a venda em porto alegre	BRL	50	0%	0%	Alto	80	"0,33"	"1,84"																	
casas para alugar curitiba	BRL	500	0%	0%	Alto	71	"0,17"	"0,90"																	
venda de apartamento	BRL	500	0%	0%	Médio	61	"2,29"	"18,49"				Y													
aluguel rio de janeiro	BRL	500	0%	0%	Alto	76	"0,21"	"1,90"																	
casas para alugar porto alegre	BRL	50	0%	0%	Médio	53	"0,18"	"1,31"																	
apartamento na planta rio de janeiro	BRL	50	0%	0%	Alto	81	"3,53"	"11,28"																	
aluguel sp	BRL	5000	0%	0%	Alto	78	"0,47"	"2,44"																	
imóveis para alugar	BRL	5000	0%	0%	Alto	70	"0,61"	"3,27"																	
zap imoveis rj	BRL	50	0%	0%	Baixo	30	"0,13"	"2,34"																	
apartamento rio de janeiro	BRL	500	0%	0%	Alto	73	"0,70"	"4,62"																	
casas para alugar em curitiba	BRL	500	0%	0%	Alto	71	"0,17"	"0,90"																	
apartamento vila madalena	BRL	500	0%	0%	Médio	62	"1,19"	"7,75"																	
apartamento moema	BRL	5000	900%	0%	Alto	75	"1,47"	"8,17"																	
casas a venda em curitiba	BRL	500	0%	0%	Médio	64	"0,16"	"0,94"																	
apartamento para alugar vila mariana	BRL	5000	0%	0%	Alto	78	"0,45"	"2,81"																	
apartamento itaim bibi	BRL	500	0%	0%	Alto	75	"1,37"	"8,56"																	
aluguel em sao paulo	BRL	5000	0%	0%	Alto	79	"0,59"	"3,48"																	
imoveis df	BRL	50	0%	0%	Médio	63	"0,40"	"1,89"																	
kitnet para alugar curitiba	BRL	50	0%	0%	Médio	65	"0,16"	"0,86"																	
compra de apartamento	BRL	500	0%	0%	Alto	80	"2,80"	"12,81"																	
alugar apartamento curitiba	BRL	500	0%	0%	Alto	71	"0,17"	"1,30"																	
apartamento para alugar florianopolis	BRL	500	0%	0%	Alto	72	"0,18"	"2,30"																	
aluguel apartamento curitiba	BRL	500	0%	0%	Alto	71	"0,17"	"1,30"																	
apartamento alugar	BRL	500	0%	-90%	Alto	74	"0,49"	"2,47"				Y													
apartamento em pinheiros	BRL	500	0%	-90%	Alto	74	"1,16"	"7,38"																	
anunciar zap imóveis grátis	BRL	50	0%	0%	Alto	73	"1,64"	"4,76"																	
apartamento curitiba	BRL	500	0%	0%	Alto	70	"0,26"	"2,72"																	
comprar apartamento porto alegre	BRL	50	0%	0%	Alto	77	"0,30"	"2,36"																	
aluguel vila mariana	BRL	500	0%	0%	Alto	75	"0,34"	"2,26"																	
kitnet para alugar em sp até 500 reais	BRL	500	0%	0%	Médio	60	"0,24"	"1,60"																	
zap imoveis belo horizonte	BRL	50	0%	0%	Médio	52																			
apartamento vila olimpia	BRL	500	0%	0%	Alto	71	"0,92"	"5,62"																	
apartamento em moema	BRL	5000	900%	0%	Alto	75	"1,47"	"8,17"																	
apartamento campo belo	BRL	500	0%	0%	Alto	82	"1,15"	"7,56"																	
apartamento a venda em sao paulo	BRL	5000	0%	0%	Alto	79	"1,22"	"6,00"																	
zap imoveis goiania	BRL	50	0%	0%	Médio	38																			
apartamento em curitiba	BRL	500	0%	-90%	Alto	74	"0,31"	"2,83"																	
zap imoveis bh	BRL	50	0%	0%	Baixo	32																			
apartamento em são paulo	BRL	500	0%	0%	Médio	65	"1,19"	"5,78"				Y													
apartamento são paulo	BRL	5000	0%	0%	Alto	77	"1,64"	"7,02"				Y													
apartamento para comprar em porto alegre	BRL	50	0%	0%	Alto	69	"0,21"	"2,57"																	
imoveis para alugar são paulo	BRL	5000	0%	0%	Alto	78	"0,68"	"3,52"																	
imoveis a venda são paulo	BRL	500	0%	0%	Alto	77	"0,80"	"5,14"																	
apartamento em sp	BRL	500	0%	0%	Médio	62	"1,30"	"6,22"																	
apartamento vila nova conceição	BRL	500	0%	0%	Alto	74	"1,05"	"9,08"																	
apartamento para vender	BRL	500	0%	0%	Alto	70	"1,22"	"4,98"																	
casas para alugar rio de janeiro	BRL	500	0%	0%	Alto	72	"0,25"	"1,71"																	
apartamento a venda vila mariana	BRL	500	0%	-90%	Alto	76	"0,83"	"4,30"																	
apartamento a venda porto alegre	BRL	50	0%	0%	Alto	80	"0,33"	"1,84"																	
casas a venda em porto alegre	BRL	50	0%	0%	Médio	53	"0,19"	"1,19"																	
alugar apartamento rio de janeiro	BRL	500	0%	0%	Alto	79	"0,28"	"3,28"																	
comprar apartamento rio de janeiro	BRL	50	0%	0%	Alto	80	"0,85"	"6,52"																	
zap imoveis curitiba	BRL	50	0%	0%	Baixo	18																			
apartamento em perdizes	BRL	5000	900%	0%	Alto	80	"1,02"	"6,58"																	
casas para comprar são paulo	BRL	5000	0%	0%	Alto	77	"0,80"	"4,61"																	
apartamento para comprar em curitiba	BRL	50	0%	0%	Alto	71	"0,48"	"4,14"																	
apartamentos em são paulo alugar	BRL	5000	0%	0%	Alto	79	"0,61"	"3,77"																	
apartamento para alugar sao paulo	BRL	500	0%	0%	Alto	80	"0,67"	"4,25"																	
apartamento comprar são paulo	BRL	500	0%	0%	Alto	81	"1,72"	"8,21"				Y													
aluguel são paulo	BRL	5000	0%	0%	Alto	77	"0,57"	"3,48"																	
kitnet para alugar rio de janeiro	BRL	50	0%	0%	Alto	80	"0,18"	"1,11"																	
casas para alugar perto de mim	BRL	50000	0%	0%	Alto	78	"0,37"	"1,61"																	
apartamento para comprar em sao paulo	BRL	5000	0%	0%	Alto	81	"1,90"	"7,83"				Y													
aluguel apartamento rio de janeiro	BRL	500	0%	0%	Alto	79	"0,28"	"3,28"																	
aluguel apartamento sao paulo	BRL	5000	0%	0%	Alto	79	"0,61"	"3,77"																	
casas para alugar em porto alegre	BRL	50	0%	0%	Médio	53	"0,18"	"1,31"																	
comprar apartamento sao paulo	BRL	500	0%	0%	Alto	81	"1,72"	"8,21"																	
apartamentos para alugar em sp	BRL	500	0%	0%	Alto	80	"0,61"	"3,59"																	
aluguel em sp	BRL	5000	0%	0%	Alto	78	"0,47"	"2,44"																	
apartamento para alugar em sp	BRL	500	0%	0%	Alto	80	"0,61"	"3,59"																	
apartamento em porto alegre	BRL	50	0%	0%	Alto	73	"0,33"	"3,55"																	
apartamento para alugar sp	BRL	500	0%	0%	Alto	80	"0,51"	"2,96"																	
apartamento florianopolis	BRL	500	0%	-90%	Alto	70	"0,19"	"3,13"																	
zap imóveis rj	BRL	50	0%	0%	Baixo	30	"0,13"	"2,34"																	
kitnet para alugar porto alegre	BRL	50	0%	0%	Alto	69	"0,18"	"1,36"																	
apartamento para alugar pinheiros	BRL	500	0%	0%	Alto	80	"0,51"	"3,62"																	
aluguel de casas são paulo	BRL	5000	0%	0%	Alto	79	"0,44"	"2,04"																	
zap imoveis campinas	BRL	50	0%	0%	Médio	58	"0,61"	"3,27"																	
comprar apartamento em sao paulo	BRL	500	0%	0%	Alto	81	"1,72"	"8,21"																	
apartamento bela vista	BRL	500	0%	0%	Alto	67	"0,42"	"3,58"																	
zap imoveis salvador	BRL	50	0%	0%	Baixo	21																			
kitnet sao paulo	BRL	500	0%	0%	Alto	73	"0,51"	"3,05"																	
apartamento para alugar em moema	BRL	5000	0%	-90%	Alto	80	"0,55"	"3,87"																	
apartamento para alugar em são paulo	BRL	500	0%	0%	Alto	79	"0,53"	"3,29"																	
apartamento venda porto alegre	BRL	50	0%	0%	Médio	64	"0,47"	"3,06"																	
apartamento para alugar em pinheiros	BRL	500	0%	0%	Alto	80	"0,51"	"3,62"																	
apartamento para alugar bela vista	BRL	500	0%	0%	Alto	78	"0,47"	"2,64"																	
alugar apartamento em sao paulo	BRL	5000	0%	0%	Alto	79	"0,61"	"3,77"																	
apartamento para alugar perdizes	BRL	500	900%	0%	Alto	80	"0,47"	"2,80"																	
casas para alugar em florianópolis	BRL	500	900%	0%	Alto	72	"0,17"	"1,67"																	
aluguel pinheiros	BRL	500	0%	0%	Alto	76	"0,40"	"3,16"																	
anunciar casa	BRL	50	0%	0%	Baixo	32	"6,67"	"738,99"																	
apartamento a venda rio de janeiro	BRL	50	900%	900%	Alto	76	"0,32"	"3,60"																	
apartamentos sp	BRL	500	0%	0%	Médio	56	"0,92"	"5,81"																	
apartamento para comprar rio de janeiro	BRL	50	0%	0%	Alto	84	"2,00"	"7,76"																	
apartamento alugar curitiba	BRL	500	0%	0%	Alto	71	"0,17"	"1,35"																	
imoveis a venda rio de janeiro	BRL	50	0%	0%	Alto	83	"0,47"	"3,65"																	
casas a venda rio de janeiro	BRL	50	0%	0%	Alto	70	"0,16"	"1,09"																	
comprar apartamento curitiba	BRL	50	0%	0%	Alto	77	"0,20"	"2,49"																	
apartamento para alugar no rio de janeiro	BRL	500	900%	0%	Alto	71	"0,26"	"2,43"																	
casas para alugar em sao paulo	BRL	5000	0%	0%	Alto	77	"0,43"	"1,96"																	
aluguel apartamento florianopolis	BRL	500	0%	-90%	Alto	74	"0,18"	"2,75"																	
apartamento alugar são paulo	BRL	5000	0%	0%	Alto	79	"0,61"	"3,77"																	
apartamento para alugar moema	BRL	5000	0%	-90%	Alto	80	"0,55"	"3,87"																	
apartamentos para comprar em sao paulo	BRL	5000	0%	0%	Alto	81	"1,90"	"7,83"																	
apartamento a venda moema	BRL	500	0%	0%	Alto	76	"1,17"	"7,12"																	
aluguel moema	BRL	500	0%	0%	Alto	77	"0,45"	"3,41"																	
apartamento a venda curitiba	BRL	500	0%	0%	Alto	68	"0,21"	"1,71"																	
apartamento a venda sp	BRL	500	0%	0%	Alto	80	"0,81"	"4,89"				Y													
apartamento no rio de janeiro	BRL	50	0%	0%	Alto	81	"1,19"	"4,35"																	
apartamento na vila mariana	BRL	500	0%	0%	Alto	77	"1,05"	"5,37"																	
apartamento a venda sao paulo	BRL	5000	0%	0%	Alto	79	"1,22"	"6,00"																	
casas a venda porto alegre	BRL	50	0%	0%	Médio	53	"0,19"	"1,19"																	
apartamento a venda pinheiros	BRL	500	0%	0%	Alto	76	"0,66"	"7,81"																	
apartamento venda são paulo	BRL	500	0%	0%	Alto	79	"0,90"	"6,19"				Y													
comprar apartamento pinheiros	BRL	500	0%	0%	Alto	80	"1,92"	"13,55"																	
apartamento para alugar em florianopolis	BRL	500	0%	0%	Alto	72	"0,18"	"2,30"																	
aluguel itaim bibi	BRL	500	0%	0%	Alto	77	"0,38"	"4,53"																	
comprar apartamento vila mariana	BRL	500	0%	0%	Alto	81	"1,43"	"8,73"																	
aluguel kitnet são paulo	BRL	500	0%	0%	Alto	75	"0,35"	"1,83"																	
apartamento pompeia	BRL	500	0%	0%	Alto	78	"0,28"	"4,24"																	
aluguel casas	BRL	500	0%	0%	Alto	73	"0,36"	"1,77"																	
aluguel de apartamento rio de janeiro	BRL	50	0%	0%	Alto	78	"0,28"	"2,15"																	
apartamento para venda são paulo	BRL	500	0%	0%	Alto	79	"1,37"	"6,41"																	
apartamento para alugar em perdizes	BRL	500	900%	0%	Alto	80	"0,47"	"2,80"																	
aluguel em são paulo	BRL	5000	0%	0%	Alto	79	"0,59"	"3,48"																	
apartamentos na planta rj	BRL	50	0%	0%	Alto	79	"2,70"	"11,28"																	
apartamento venda curitiba	BRL	50	0%	-90%	Alto	68	"0,23"	"1,72"																	
casa para alugar em são paulo	BRL	500	0%	0%	Alto	76	"0,35"	"1,88"																	
zap imoveis florianopolis	BRL	50	0%	0%	Médio	60	"0,31"	"1,19"																	
casas para alugar florianopolis	BRL	500	900%	0%	Alto	72	"0,17"	"2,51"																	
apartamento em florianópolis	BRL	50	0%	0%	Alto	67	"0,13"	"2,29"																	
comprar apartamento em curitiba	BRL	50	0%	0%	Alto	86	"0,49"	"4,22"																	
apartamento a venda perdizes	BRL	500	0%	0%	Alto	77	"0,92"	"6,16"																	
zap imóveis sp	BRL	500	0%	0%	Médio	54	"0,32"	"2,66"																	
aluguel apartamento sp	BRL	5000	900%	0%	Alto	79	"0,62"	"3,95"																	
casa a venda curitiba	BRL	500	0%	0%	Médio	64	"0,16"	"0,94"																	
aluguel vila olimpia	BRL	500	0%	0%	Alto	76	"0,31"	"2,72"																	
kitnet em sao paulo	BRL	500	0%	0%	Alto	73	"0,51"	"3,05"																	
aluguel apartamento vila mariana	BRL	500	0%	0%	Alto	78	"0,47"	"3,14"																	
apartamento a venda em moema	BRL	500	0%	0%	Alto	76	"1,17"	"7,12"																	
aluguel apartamento pinheiros	BRL	500	0%	0%	Alto	79	"0,66"	"4,61"																	
aluguel casas são paulo	BRL	500	0%	0%	Alto	80	"0,43"	"2,14"																	
apartamento para alugar vila olimpia	BRL	500	0%	0%	Alto	84	"0,60"	"3,85"																	
imóveis a venda em bh	BRL	50	0%	0%	Médio	64	"0,09"	"1,78"																	
imoveis a venda belo horizonte	BRL	50	∞	0%	Alto	83	"0,37"	"1,42"																	
apartamento para alugar itaim bibi	BRL	500	0%	0%	Alto	81	"0,67"	"6,07"																	
apartamento comprar porto alegre	BRL	50	∞	0%	Alto	77	"0,84"	"3,04"																	
apartamento compra	BRL	5000	0%	0%	Alto	79	"1,57"	"9,96"																	
comprar apartamento sp	BRL	500	0%	0%	Alto	81	"1,52"	"7,98"				Y													
zap imoveis sp	BRL	500	0%	0%	Médio	54	"0,43"	"2,32"																	
apartamentos para comprar em curitiba	BRL	50	0%	0%	Alto	71	"0,48"	"4,14"																	
apartamento a venda em sp	BRL	500	0%	0%	Alto	78	"0,62"	"5,15"				Y													
zap imoveis recife	BRL	50	0%	0%	Baixo	4																			
aluguel de imoveis são paulo	BRL	500	0%	0%	Alto	79	"0,78"	"5,06"																	
apartamento a venda itaim bibi	BRL	500	0%	0%	Alto	75	"0,83"	"7,78"																	
imoveis goiania	BRL	50	0%	0%	Médio	54	"0,25"	"3,31"																	
casa para alugar sp	BRL	5000	0%	-90%	Alto	76	"0,38"	"1,70"																	
apartamento para alugar são paulo sp	BRL	500	0%	0%	Alto	79	"0,59"	"3,71"																	
apartamento jardim paulista	BRL	500	0%	0%	Alto	69	"1,38"	"6,83"																	
anunciar no zap imoveis	BRL	50	0%	0%	Médio	58	"1,37"	"10,61"																	
apartamento a venda florianopolis	BRL	50	0%	0%	Alto	72	"0,24"	"2,61"																	
apartamento para alugar na vila mariana	BRL	5000	0%	0%	Alto	78	"0,45"	"2,81"																	
apartamento para comprar porto alegre	BRL	50	0%	0%	Alto	69	"0,21"	"2,57"																	
apartamento pinheiros aluguel	BRL	500	0%	0%	Alto	79	"0,66"	"4,61"																	
aluguel vila madalena	BRL	500	0%	0%	Alto	73	"0,42"	"3,02"																	
apartamentos para comprar em porto alegre	BRL	50	0%	0%	Alto	69	"0,21"	"2,57"																	
casas para comprar em curitiba	BRL	50	0%	0%	Alto	69	"0,28"	"1,33"																	
apartamento alugar vila mariana	BRL	5000	0%	0%	Alto	78	"0,45"	"2,81"																	
apartamento em sao paulo para alugar	BRL	500	0%	0%	Alto	76	"0,48"	"3,68"																	
apartamento para alugar vila madalena	BRL	500	0%	0%	Alto	80	"0,40"	"2,93"																	
apartamento alugar sao paulo	BRL	5000	0%	0%	Alto	79	"0,61"	"3,77"																	
apartamento para venda porto alegre	BRL	50	0%	0%	Médio	64	"0,47"	"3,06"																	
zap imoveis fortaleza	BRL	50	0%	0%	Baixo	14																			
zap imóveis aluguel	BRL	500	0%	0%	Médio	53	"0,33"	"1,97"																	
apartamento para alugar perto de mim	BRL	5000	0%	0%	Alto	78	"0,52"	"2,74"																	
casas para alugar barata	BRL	500	0%	0%	Alto	70	"0,29"	"1,67"																	
apartamento a venda em pinheiros	BRL	500	0%	0%	Alto	76	"0,66"	"7,81"																	
apartamento em são paulo para comprar	BRL	500	0%	0%	Alto	78	"1,74"	"6,45"				Y													
apartamentos a venda são paulo sp	BRL	500	0%	0%	Alto	79	"1,01"	"5,10"																	
casa para alugar em sp	BRL	5000	0%	-90%	Alto	76	"0,38"	"1,70"																	
zap imóveis venda	BRL	500	0%	0%	Médio	60	"0,20"	"2,40"																	
imoveis na planta rio de janeiro	BRL	50	0%	0%	Alto	86	"2,35"	"16,21"																	
casas a venda em sao paulo	BRL	5000	0%	0%	Alto	76	"0,52"	"3,79"																	
aluguel de apartamento em sao paulo	BRL	500	0%	0%	Alto	80	"0,72"	"4,86"																	
alugar casas são paulo	BRL	5000	0%	0%	Alto	79	"0,55"	"2,40"																	
casas a venda em florianopolis	BRL	50	0%	0%	Médio	62	"0,13"	"0,68"																	
aluguel de kitnet	BRL	500	900%	0%	Alto	68	"0,24"	"1,41"																	
ap a venda	BRL	50	900%	900%	Alto	70	"1,31"	"4,56"																	
apartamento para alugar campo belo	BRL	500	0%	0%	Alto	80	"0,53"	"2,99"																	
aluguel apartamento moema	BRL	500	0%	0%	Alto	80	"0,56"	"4,06"																	
apartamento a venda campo belo	BRL	500	0%	0%	Alto	81	"1,07"	"6,96"																	
kitnet curitiba	BRL	50	0%	0%	Alto	68	"0,18"	"1,94"																	
aluguel perdizes	BRL	500	0%	0%	Alto	78	"0,43"	"2,68"																	
casas a venda florianopolis	BRL	50	0%	0%	Alto	71	"0,20"	"0,74"																	
apartamento para alugar barato	BRL	50	0%	0%	Alto	70	"0,48"	"2,86"																	
apartamento a venda em perdizes	BRL	500	0%	0%	Alto	77	"0,92"	"6,16"																	
apartamentos a venda em são paulo	BRL	500	0%	0%	Alto	78	"0,76"	"5,06"																	
comprar apartamento moema	BRL	500	0%	0%	Alto	76	"2,29"	"13,70"																	
imoveis brasilia	BRL	50	0%	0%	Alto	75	"0,35"	"2,71"																	
apartamento a venda na vila mariana	BRL	500	0%	-90%	Alto	76	"0,83"	"4,30"																	
casas em curitiba	BRL	500	900%	0%	Médio	61	"0,20"	"1,26"																	
zap imoveis anunciar	BRL	50	0%	0%	Médio	58	"2,47"	"7,61"																	
imoveis a venda porto alegre	BRL	50	0%	0%	Alto	82	"0,70"	"2,18"																	
comprar apartamento perdizes	BRL	500	0%	0%	Alto	80	"1,45"	"8,14"																	
apartamento sao paulo comprar	BRL	500	0%	0%	Alto	81	"1,72"	"8,21"																	
apartamentos em curitiba para alugar	BRL	50	0%	0%	Alto	78	"0,17"	"2,87"																	
casas em sao paulo	BRL	500	0%	0%	Médio	64	"0,59"	"3,83"																	
aluguel imoveis são paulo	BRL	500	0%	0%	Alto	82	"0,75"	"5,23"																	
apartamento para alugar em florianópolis	BRL	50	0%	0%	Alto	74	"0,17"	"1,87"																	
apartamento para comprar em sp	BRL	500	0%	0%	Alto	82	"1,78"	"7,70"				Y													
apartamentos para alugar sao paulo	BRL	500	0%	0%	Alto	80	"0,67"	"4,25"																	
apartamento sao paulo alugar	BRL	50	0%	0%	Alto	71	"0,70"	"4,52"																	
casa para alugar sao paulo	BRL	5000	0%	0%	Alto	77	"0,43"	"1,96"																	
aluguel de casas porto alegre	BRL	50	0%	0%	Alto	74	"0,20"	"2,67"																	
venda imovel	BRL	500	0%	0%	Alto	67	"2,50"	"123,75"																	
apartamento alugar pinheiros	BRL	500	0%	0%	Alto	79	"0,66"	"4,61"																	
alugar kitnet	BRL	500	0%	0%	Médio	63	"0,27"	"1,55"																	
apartamento para venda em curitiba	BRL	50	0%	-90%	Alto	68	"0,23"	"1,72"																	
aluguel bela vista	BRL	500	0%	0%	Alto	76	"0,32"	"2,01"																	
comprar apartamento florianopolis	BRL	50	0%	0%	Alto	71	"0,22"	"3,25"																	
casa para alugar em florianopolis	BRL	500	900%	0%	Alto	72	"0,17"	"2,51"																	
vila mariana apartamento	BRL	5000	0%	0%	Alto	77	"0,94"	"6,15"																	
aluguel curitiba apartamento	BRL	500	0%	0%	Alto	71	"0,17"	"1,30"																	
aluguel apartamento itaim bibi	BRL	500	0%	0%	Alto	77	"0,70"	"6,68"																	
aluguel sao paulo apartamento	BRL	5000	0%	0%	Alto	79	"0,61"	"3,77"																	
apartamentos em florianopolis	BRL	50	0%	0%	Médio	57	"0,20"	"2,95"																	
apartamento venda vila mariana	BRL	500	0%	0%	Alto	81	"1,01"	"5,86"																	
apartamento itaim	BRL	500	0%	0%	Alto	79	"2,05"	"11,01"																	
itaim bibi apartamento	BRL	500	0%	0%	Alto	75	"1,37"	"8,56"																	
apartamento venda pinheiros	BRL	500	0%	0%	Alto	83	"1,15"	"8,54"																	
aluguel campo belo	BRL	500	0%	0%	Alto	75	"0,40"	"2,64"																	
imoveis para alugar em sao paulo	BRL	5000	0%	0%	Alto	78	"0,68"	"3,52"																	
aluguel casa curitiba	BRL	50	0%	0%	Alto	77	"0,17"	"1,17"																	
comprar apartamento em sp	BRL	500	0%	0%	Alto	81	"1,52"	"7,98"																	
apartamento para comprar curitiba	BRL	50	0%	0%	Alto	71	"0,48"	"4,14"																	
apartamento comprar curitiba	BRL	50	0%	0%	Alto	78	"0,23"	"2,72"																	
apartamentos para alugar em moema	BRL	500	900%	0%	Alto	78	"0,68"	"5,13"																	
aluguel vila nova conceição	BRL	500	900%	0%	Alto	79	"0,50"	"6,78"																	
jk para alugar em porto alegre	BRL	50	0%	∞	Baixo	29	"0,19"	"0,99"																	
apartamento curitiba aluguel	BRL	500	0%	0%	Alto	71	"0,17"	"1,35"																	
zap imoveis londrina	BRL	50	0%	0%	Alto	71																			
casa alugar curitiba	BRL	500	0%	0%	Alto	71	"0,17"	"0,90"																	
apartamento a venda vila madalena	BRL	500	0%	0%	Alto	70	"0,87"	"7,20"																	
comprar apartamento em são paulo	BRL	500	0%	0%	Alto	81	"1,72"	"8,21"																	
apartamento porto alegre comprar	BRL	50	0%	0%	Alto	77	"0,30"	"2,36"																	
comprar apartamento itaim bibi	BRL	50	0%	0%	Alto	77	"2,22"	"16,13"																	
anunciar venda de casa	BRL	50	-100%	-100%	Desconhecido																				
kitnet para alugar em curitiba	BRL	50	0%	0%	Médio	65	"0,16"	"0,86"																	
apartamento curitiba venda	BRL	50	0%	-90%	Alto	68	"0,23"	"1,72"																	
kitnet porto alegre	BRL	50	0%	0%	Médio	37	"0,20"	"1,30"																	
apartamentos a venda em florianopolis	BRL	50	0%	0%	Alto	72	"0,24"	"2,61"																	
venda de imoveis são paulo	BRL	50	0%	0%	Médio	57																			
apartamento para locação	BRL	500	0%	0%	Alto	67	"0,76"	"3,53"																	
apartamento para comprar em são paulo	BRL	50	0%	0%	Alto	81	"1,81"	"7,70"				Y													
apartamento para comprar vila mariana	BRL	500	0%	0%	Alto	81	"1,60"	"8,90"																	
ap em sao paulo	BRL	500	0%	0%	Alto	78	"1,57"	"6,87"																	
apartamento venda moema	BRL	500	0%	0%	Alto	80	"1,40"	"8,79"																	
apartamento venda sao paulo	BRL	500	0%	0%	Alto	79	"1,37"	"6,41"																	
kitnet são paulo	BRL	5000	0%	0%	Alto	68	"0,45"	"3,38"																	
apartamento rj	BRL	50	0%	0%	Alto	70	"0,70"	"4,71"																	
kitnet para alugar em sao paulo	BRL	500	0%	0%	Alto	71	"0,37"	"1,67"																	
apartamento a venda bela vista	BRL	500	0%	0%	Alto	74	"0,46"	"4,27"																	
anunciar zap imoveis	BRL	50	0%	0%	Médio	58	"1,37"	"10,61"																	
apartamento para alugar em pinheiros barato	BRL	50	0%	0%	Alto	70	"0,27"	"1,58"																	
apartamento em curitiba a venda	BRL	50	0%	0%	Alto	80	"0,30"	"1,41"																	
aluguel no rio de janeiro	BRL	500	0%	0%	Alto	76	"0,21"	"1,90"																	
apartamentos para venda em porto alegre	BRL	50	0%	0%	Médio	64	"0,47"	"3,06"																	
anunciar zap	BRL	50	0%	0%	Médio	64																			
aluguel apartamento perdizes	BRL	500	0%	0%	Alto	71	"0,40"	"2,84"																	
casas para comprar rio de janeiro	BRL	50	0%	0%	Alto	67	"0,46"	"2,63"																	
kitnet rio de janeiro	BRL	50	0%	0%	Médio	59	"0,26"	"1,43"																	
apartamento para alugar na bela vista	BRL	500	0%	0%	Alto	78	"0,47"	"2,64"																	
casa para alugar rj	BRL	50	0%	0%	Alto	69	"0,26"	"1,66"																	
casa a venda sp	BRL	500	0%	0%	Alto	73	"0,35"	"3,01"																	
comprar apartamento vila madalena	BRL	50	0%	0%	Alto	84	"1,98"	"12,77"																	
apartamento para comprar sp	BRL	500	0%	0%	Alto	82	"1,78"	"7,70"				Y													
valor de apartamento em sao paulo	BRL	50	0%	0%	Alto	70	"2,22"	"6,70"																	
comprar casas são paulo	BRL	500	0%	0%	Alto	77	"0,75"	"4,84"																	
apartamentos alugar	BRL	500	0%	0%	Alto	72	"0,69"	"4,11"																	
apartamentos rio de janeiro aluguel	BRL	50	0%	0%	Alto	75	"0,28"	"2,23"																	
casas a venda em sp	BRL	500	0%	0%	Alto	73	"0,35"	"3,01"																	
apartamento alugar moema	BRL	5000	0%	-90%	Alto	80	"0,55"	"3,87"																	
zap aluguel	BRL	50	0%	-90%	Médio	43	"0,33"	"2,13"																	
apartamentos a venda no rio de janeiro	BRL	50	900%	900%	Alto	76	"0,32"	"3,60"																	
apartamento sp comprar	BRL	500	0%	0%	Alto	81	"1,52"	"7,98"				Y													
aluguel de kitnet são paulo	BRL	500	0%	0%	Alto	78	"0,33"	"1,98"																	
imoveis a venda em sao paulo	BRL	500	900%	900%	Alto	74	"1,12"	"5,34"																	
apartamento pinheiros comprar	BRL	500	0%	0%	Alto	80	"1,92"	"13,55"																	
casas em porto alegre	BRL	50	0%	0%	Alto	69	"0,20"	"1,80"																	
zap imoveis santo andre	BRL	50	0%	0%	Médio	54	"0,44"	"1,43"																	
apartamento a venda vila olimpia	BRL	500	0%	0%	Alto	74	"1,04"	"7,94"																	
aluguel de casas em curitiba	BRL	50	0%	0%	Alto	71	"0,17"	"1,18"																	
vila mariana aluguel	BRL	500	0%	0%	Alto	75	"0,34"	"2,26"																	
aluguel apartamento vila olimpia	BRL	500	0%	0%	Alto	80	"0,51"	"4,02"																	
apartamento alugar sp	BRL	5000	900%	0%	Alto	79	"0,62"	"3,95"																	
apartamento venda florianopolis	BRL	50	0%	0%	Alto	70	"0,20"	"2,16"																	
zap imóveis goiânia	BRL	50	0%	-100%	Desconhecido																				
casa a venda sao paulo	BRL	5000	0%	0%	Alto	76	"0,52"	"3,79"																	
apartamentos a venda rj	BRL	50	0%	0%	Alto	78	"0,41"	"2,36"																	
aluguel em pinheiros	BRL	500	0%	0%	Alto	76	"0,40"	"3,16"																	
aluguel de imoveis rio de janeiro	BRL	50	0%	0%	Médio	64	"0,29"	"1,26"																	
moema apartamento	BRL	5000	900%	0%	Alto	75	"1,47"	"8,17"																	
casas para venda em curitiba	BRL	50	0%	0%	Médio	63	"0,19"	"0,93"																	
apartamento comprar rio de janeiro	BRL	50	0%	0%	Alto	80	"0,85"	"6,52"																	
aluguel de apartamento curitiba	BRL	50	0%	0%	Alto	75	"0,27"	"1,64"																	
alugar imoveis são paulo	BRL	500	0%	0%	Alto	82	"0,75"	"5,23"																	
apartamento perdizes aluguel	BRL	500	900%	0%	Alto	80	"0,47"	"2,80"																	
apartamento para alugar em moema barato	BRL	50	0%	0%	Alto	77	"0,35"	"2,56"																	
apartamento para alugar vila nova conceição	BRL	500	0%	0%	Alto	82	"0,86"	"8,92"																	
apartamento vila olimpia aluguel	BRL	500	0%	0%	Alto	80	"0,51"	"4,02"																	
casas para alugar em porto alegre baratas	BRL	50	0%	0%	Desconhecido																				
alugar imóveis	BRL	500	0%	0%	Alto	76	"0,69"	"3,84"																	
apartamento a venda perto de mim	BRL	500	0%	0%	Alto	82	"1,09"	"5,27"																	
apartamento rio de janeiro alugar	BRL	50	0%	0%	Alto	80	"0,34"	"3,04"																	
casas em florianópolis	BRL	50	0%	0%	Médio	57	"0,18"	"1,81"																	
aluguel casa florianopolis	BRL	50	0%	-90%	Alto	78	"0,17"	"3,03"																	
apartamento para comprar em moema	BRL	500	0%	0%	Alto	78	"2,12"	"13,38"																	
casas para comprar porto alegre	BRL	50	0%	0%	Alto	79	"0,49"	"2,93"																	
apartamento venda perdizes	BRL	500	0%	0%	Alto	79	"0,84"	"5,82"																	
aluguel casa porto alegre	BRL	50	0%	0%	Alto	67	"0,08"	"0,37"																	
alugar apto sp	BRL	500	0%	0%	Alto	80	"0,71"	"4,41"																	
kitnet sp	BRL	500	0%	0%	Médio	62	"0,35"	"2,55"																	
kitnet para alugar em sp	BRL	500	0%	0%	Alto	69	"0,32"	"1,61"																	
apartamento planta rio de janeiro	BRL	50	0%	0%	Alto	81	"3,53"	"11,28"																	
apartamento para comprar florianopolis	BRL	50	0%	0%	Alto	75	"0,32"	"3,60"																	
apartamento em sao paulo a venda	BRL	5000	0%	0%	Alto	79	"1,22"	"6,00"																	
kitnet para alugar rj	BRL	50	0%	0%	Médio	63	"0,17"	"0,94"																	
apartamentos em sp para alugar	BRL	50	0%	0%	Alto	75	"0,68"	"3,52"																	
apartamento alugar perdizes	BRL	500	900%	0%	Alto	80	"0,47"	"2,80"																	
zap imoveis brasilia	BRL	50	0%	0%	Médio	53	"0,05"	"1,93"																	
apartamento vila mariana sp	BRL	50	0%	-90%	Alto	77	"1,11"	"5,59"																	
apartamento perdizes comprar	BRL	500	0%	0%	Alto	80	"1,45"	"8,14"																	
apartamento sp aluguel	BRL	5000	900%	0%	Alto	79	"0,62"	"3,95"																	
aluguel casas rj	BRL	50	0%	0%	Médio	43	"0,18"	"3,70"																	
casas para venda são paulo	BRL	500	0%	0%	Alto	74	"0,58"	"3,74"																	
valor de um apartamento em são paulo	BRL	50	0%	0%	Alto	76	"2,11"	"5,97"																	
locação de apartamento	BRL	500	900%	0%	Alto	74	"1,01"	"8,00"																	
casa para alugar no rio de janeiro	BRL	500	0%	0%	Alto	72	"0,25"	"1,71"																	
casa a venda em são paulo	BRL	500	0%	0%	Alto	70	"0,41"	"3,06"																	
comprar apartamento na planta rio de janeiro	BRL	50	0%	-100%	Desconhecido																				
apartamento são paulo aluguel	BRL	5000	0%	0%	Alto	79	"0,61"	"3,77"																	
alugar sao paulo	BRL	500	0%	0%	Alto	77	"0,65"	"3,85"																	
comprar apartamento rj	BRL	50	0%	0%	Alto	86																			
apartamento venda rio de janeiro	BRL	50	0%	0%	Alto	79	"0,64"	"4,68"																	
apartamento em pinheiros para alugar	BRL	50	0%	0%	Alto	81	"0,57"	"3,13"																	
apartamento para comprar pinheiros	BRL	50	0%	0%	Alto	84	"2,69"	"14,11"																	
casa aluguel curitiba	BRL	500	0%	0%	Alto	71	"0,17"	"0,90"																	
apartamento em pinheiros pronto para morar	BRL	50	0%	0%	Alto	90	"2,97"	"5,87"																	
apartamento em são paulo para alugar	BRL	500	0%	0%	Alto	76	"0,48"	"3,68"																	
casa porto alegre	BRL	50	0%	0%	Baixo	26	"0,22"	"1,23"																	
casa em florianopolis	BRL	50	0%	-90%	Médio	62	"0,20"	"2,48"																	
zap imoveis joinville	BRL	50	∞	0%	Alto	86																			
apartamentos à venda sp	BRL	500	0%	0%	Alto	78	"0,94"	"5,13"																	
apartamento alugar rio de janeiro	BRL	500	0%	0%	Alto	79	"0,28"	"3,28"																	
apartamento no itaim bibi	BRL	500	0%	0%	Alto	75	"1,37"	"8,56"																	
casas a venda rj	BRL	50	0%	0%	Médio	66	"0,19"	"1,48"																	
apartamento alugar florianopolis	BRL	500	0%	0%	Alto	72	"0,18"	"2,30"																	
zap imóveis rj venda	BRL	50	0%	0%	Médio	43	"0,26"	"2,98"																	
casa curitiba	BRL	50	0%	0%	Médio	61	"0,21"	"1,71"																	
alugar casa curitiba	BRL	50	0%	0%	Médio	54	"0,17"	"1,12"																	
aluguel de apartamento em curitiba	BRL	50	0%	0%	Alto	81	"0,17"	"1,20"																	
apartamentos florianópolis aluguel	BRL	500	0%	0%	Alto	72	"0,18"	"2,30"																	
apartamento bela vista aluguel	BRL	500	0%	0%	Alto	78	"0,47"	"2,64"																	
apartamento vila nova conceicao	BRL	50	900%	900%	Alto	82	"1,38"	"10,03"																	
apartamento comprar sp	BRL	50	0%	0%	Alto	76	"1,18"	"5,94"				Y													
apartamento para alugar rj	BRL	50	0%	0%	Alto	78	"0,29"	"2,13"																	
apartamento para alugar no itaim bibi	BRL	500	0%	0%	Alto	81	"0,67"	"6,07"																	
apartamentos à venda em porto alegre até 150 mil	BRL	50	0%	-100%	Desconhecido																				
imoveis a venda rj	BRL	50	0%	0%	Alto	86	"0,97"	"4,57"																	
apartamento para comprar sao paulo	BRL	5000	0%	0%	Alto	81	"1,90"	"7,83"																	
apartamentos em pinheiros aluguel	BRL	50	0%	0%	Alto	83	"0,77"	"3,73"																	
ap em sp	BRL	500	0%	0%	Médio	62	"1,30"	"6,22"																	
apartamento a venda jardim paulista	BRL	500	0%	0%	Alto	75	"0,73"	"6,81"																	
alugar casa sp	BRL	500	0%	0%	Alto	78	"0,43"	"2,41"																	
compra de apartamento rj	BRL	50	0%	∞	Alto	86																			
casa florianopolis	BRL	50	0%	-90%	Médio	62	"0,20"	"2,48"																	
apartamento para vender em sao paulo	BRL	500	0%	0%	Alto	79	"1,37"	"6,41"																	
apartamento comprar pinheiros	BRL	500	0%	0%	Alto	80	"1,92"	"13,55"																	
aluguel de apartamento em sp	BRL	500	0%	0%	Alto	80	"0,92"	"6,40"																	
aluguel casa sao paulo	BRL	500	0%	0%	Alto	79	"0,41"	"2,30"																	
alugar apartamento em são paulo	BRL	5000	0%	0%	Alto	79	"0,61"	"3,77"																	
alugar apartamento em curitiba	BRL	50	0%	0%	Alto	77	"0,29"	"2,39"																	
preço de apartamento em são paulo	BRL	50	0%	0%	Alto	76	"1,37"	"6,80"																	
casa a venda em florianópolis	BRL	50	0%	0%	Alto	72	"0,18"	"1,38"																	
apartamento a venda vila nova conceição	BRL	500	0%	0%	Alto	74	"0,98"	"6,70"																	
apartamento florianopolis alugar	BRL	500	0%	0%	Alto	72	"0,18"	"2,30"																	
alugar casa sao paulo	BRL	500	0%	0%	Alto	80	"0,43"	"2,14"																	
locação apartamento são paulo	BRL	50	0%	0%	Alto	81	"0,99"	"5,62"																	
apartamento para comprar no rio de janeiro	BRL	50	0%	0%	Alto	84	"2,00"	"7,76"																	
kitnet para alugar são paulo sp	BRL	500	0%	0%	Alto	75	"0,35"	"1,99"																	
casa venda curitiba	BRL	50	0%	0%	Médio	63	"0,19"	"0,93"																	
imoveis em goiania	BRL	50	0%	0%	Alto	86	"0,33"	"1,82"																	
apartamento comprar vila mariana	BRL	500	0%	0%	Alto	81	"1,43"	"8,73"																	
perdizes apartamento	BRL	5000	900%	0%	Alto	80	"1,02"	"6,58"				Y													
casa para alugar florianópolis	BRL	500	900%	0%	Alto	72	"0,17"	"2,51"																	
anunciar casa para venda	BRL	50	0%	0%	Alto	81	"5,06"	"372,58"																	
apartamento em pinheiros para comprar	BRL	50	0%	0%	Alto	84	"1,97"	"10,48"																	
apartamento alugar itaim bibi	BRL	500	0%	0%	Alto	81	"0,67"	"6,07"																	
venda apartamento sao paulo	BRL	500	0%	0%	Alto	79	"1,37"	"6,41"																	
alugar apartamento bela vista	BRL	500	0%	0%	Alto	79	"0,57"	"3,93"																	
imóveis a venda em santo andré	BRL	50	0%	0%	Alto	84	"0,33"	"2,35"																	
kitnet para alugar em são paulo	BRL	500	0%	0%	Alto	76	"0,42"	"2,16"																	
kitnets para alugar são paulo	BRL	5000	0%	0%	Alto	71	"0,30"	"2,20"																	
apartamento vila mariana alugar	BRL	5000	0%	0%	Alto	78	"0,45"	"2,81"																	
kitnet para alugar sp	BRL	50	0%	0%	Alto	71	"0,32"	"1,32"																	
aluguel em moema	BRL	500	0%	0%	Alto	77	"0,45"	"3,41"																	
imóveis na planta rj	BRL	50	∞	0%	Médio	43																			
apartamento rio de janeiro comprar	BRL	50	0%	0%	Alto	80	"0,85"	"6,52"																	
aluguel imoveis rio de janeiro	BRL	50	0%	0%	Médio	64	"0,29"	"1,26"																	
vila nova conceição apartamento	BRL	500	0%	0%	Alto	74	"1,05"	"9,08"																	
apartamento venda itaim bibi	BRL	50	0%	0%	Alto	82	"1,57"	"10,19"																	
apartamentos em sao paulo aluguel	BRL	5000	0%	0%	Alto	79	"0,61"	"3,77"																	
zap imóveis rio de janeiro aluguel	BRL	50	0%	∞	Médio	50																			
apartamento moema comprar	BRL	500	0%	0%	Alto	76	"2,29"	"13,70"																	
anunciar casas para vender	BRL	50	0%	0%	Alto	81	"5,06"	"372,58"																	
comprar apartamento no rio de janeiro	BRL	50	0%	0%	Alto	80	"0,85"	"6,52"																	
imoveis a venda em porto alegre	BRL	50	0%	0%	Alto	82	"0,70"	"2,18"																	
casa em são paulo	BRL	500	0%	0%	Médio	61	"0,47"	"3,12"																	
apartamento itaim bibi aluguel	BRL	500	0%	0%	Alto	81	"0,67"	"6,07"																	
apartamento a venda no itaim bibi	BRL	500	0%	0%	Alto	75	"0,83"	"7,78"																	
vila madalena apartamento	BRL	500	0%	0%	Médio	62	"1,19"	"7,75"																	
apartamento venda sp	BRL	500	0%	0%	Alto	78	"0,94"	"5,13"																	
alugar apartamento em sp	BRL	5000	900%	0%	Alto	79	"0,62"	"3,95"																	
kit net para alugar	BRL	50	0%	0%	Médio	65	"0,29"	"1,65"																	
venda apartamento porto alegre	BRL	50	0%	0%	Médio	64	"0,47"	"3,06"																	
apartamento a venda pompeia	BRL	500	0%	0%	Alto	78	"0,55"	"4,19"																	
kitnet em curitiba	BRL	50	0%	0%	Alto	75	"0,34"	"2,14"																	
apartamento em itaim bibi	BRL	500	0%	0%	Alto	75	"1,37"	"8,56"																	
apartamento vila mariana aluguel	BRL	5000	0%	0%	Alto	78	"0,45"	"2,81"																	
apartamento pompeia comprar	BRL	50	0%	0%	Alto	81	"0,43"	"4,68"																	
imoveis em brasilia	BRL	50	0%	0%	Alto	73	"0,27"	"2,11"																	
apartamento para alugar bela vista sp	BRL	500	0%	0%	Alto	79	"0,36"	"1,91"																	
apartamento para alugar pompeia	BRL	500	0%	0%	Alto	80	"0,40"	"2,23"																	
apartamento comprar perdizes	BRL	500	0%	0%	Alto	80	"1,45"	"8,14"																	
casas para vender em porto alegre	BRL	50	0%	0%	Médio	59	"0,38"	"1,89"																	
apartamento em pinheiros sp	BRL	50	0%	-90%	Alto	74	"0,97"	"6,79"																	
apartamento vila madalena comprar	BRL	50	0%	0%	Alto	84	"1,98"	"12,77"																	
kit net curitiba	BRL	50	0%	0%	Médio	64	"0,67"	"3,52"																	
casa rio de janeiro	BRL	500	0%	0%	Médio	51	"0,47"	"2,96"																	
apartamento em moema para alugar	BRL	500	900%	0%	Alto	82	"0,63"	"3,68"																	
aluguel kitnet rio de janeiro	BRL	50	0%	0%	Alto	71	"0,27"	"1,39"																	
venda de imoveis rio de janeiro	BRL	50	-100%	0%	Desconhecido																				
kitnet em são paulo	BRL	500	0%	0%	Alto	73	"0,51"	"3,05"																	
apartamento para comprar em pinheiros	BRL	50	0%	0%	Alto	84	"2,69"	"14,11"																	
aluguel de apartamento sp	BRL	50	0%	0%	Alto	80	"0,56"	"4,27"																	
casas florianopolis	BRL	50	0%	-90%	Médio	62	"0,20"	"2,48"																	
apartamentos em são paulo para comprar	BRL	500	0%	0%	Alto	78	"1,74"	"6,45"																	
casa alugar porto alegre	BRL	50	0%	0%	Médio	53	"0,18"	"1,31"																	
comprar apartamento em porto alegre	BRL	50	0%	0%	Alto	77	"0,30"	"2,36"																	
apartamento alugar bela vista	BRL	500	0%	0%	Alto	78	"0,47"	"2,64"																	
apartamento alugar vila olimpia	BRL	500	0%	0%	Alto	80	"0,51"	"4,02"																	
apartamentos na vila madalena	BRL	500	0%	0%	Médio	62	"1,19"	"7,75"																	
apartamento aluguel sp	BRL	5000	900%	0%	Alto	79	"0,62"	"3,95"																	
aluguel pinheiros sp	BRL	500	0%	900%	Alto	81	"0,45"	"3,31"																	
aluguel casa sp	BRL	500	0%	0%	Alto	78	"0,43"	"2,41"																	
imoveis para vender	BRL	500	0%	0%	Médio	64	"0,46"	"12,01"																	
alugar casa em sao paulo	BRL	500	0%	0%	Alto	79	"0,41"	"2,30"																	
comprar apartamento campo belo	BRL	50	0%	0%	Alto	84	"1,51"	"10,75"																	
imoveis a venda bh	BRL	50	0%	0%	Alto	86	"0,54"	"2,09"																	
imóveis a venda em salvador	BRL	50	0%	0%	Alto	83	"0,27"	"0,81"																	
compra de imoveis rj	BRL	50	0%	0%	Alto	86																			
comprar apartamento em pinheiros	BRL	500	0%	0%	Alto	80	"1,92"	"13,55"																	
apartamento na pompeia	BRL	500	0%	0%	Alto	76	"0,77"	"4,53"																	
comprar apartamento vila olimpia	BRL	50	0%	0%	Alto	84	"1,47"	"8,45"																	
apartamento para alugar itaim	BRL	50	900%	0%	Alto	80	"0,78"	"5,51"																	
apartamento em sao paulo para comprar	BRL	500	0%	0%	Alto	78	"1,74"	"6,45"				Y													
apartamento para comprar em florianopolis	BRL	50	0%	0%	Alto	75	"0,32"	"3,60"																	
apartamento vila mariana comprar	BRL	500	0%	0%	Alto	81	"1,43"	"8,73"																	
aluguel apartamento vila madalena	BRL	500	0%	0%	Alto	76	"0,54"	"3,63"																	
aluguel de apartamento sao paulo	BRL	500	0%	0%	Alto	80	"0,72"	"4,86"																	
apartamentos comprar são paulo	BRL	500	0%	0%	Alto	81	"1,72"	"8,21"																	
apartamento a venda em florianópolis	BRL	50	0%	0%	Alto	73	"0,20"	"2,53"																	
casas a venda no rio de janeiro	BRL	50	0%	0%	Médio	65	"0,20"	"0,96"																	
zap imoveis são paulo sp	BRL	50	0%	0%	Médio	51	"0,46"	"3,41"																	
apartamento para alugar proximo a mim	BRL	500	0%	0%	Alto	82	"0,53"	"2,53"																	
imoveis a venda santo andre	BRL	50	0%	0%	Alto	75	"0,36"	"2,92"																	
comprar casa sao paulo	BRL	500	0%	0%	Alto	77	"0,75"	"4,84"																	
aluguel imoveis rj	BRL	50	0%	0%	Médio	65	"0,25"	"2,89"																	
kitnet aluguel	BRL	50	0%	0%	Médio	56	"0,31"	"1,81"																	
itaim bibi aluguel	BRL	500	0%	0%	Alto	77	"0,38"	"4,53"																	
aluguel em perdizes	BRL	500	0%	0%	Alto	78	"0,43"	"2,68"																	
apartamentos em sp para comprar	BRL	50	0%	0%	Alto	80	"2,41"	"8,30"																	
apartamento para comprar moema	BRL	500	0%	0%	Alto	78	"2,12"	"13,38"																	
casas para venda porto alegre	BRL	50	0%	0%	Médio	59	"0,38"	"1,89"																	
alugar imovel sp	BRL	500	0%	900%	Alto	78	"0,79"	"3,57"																	
apartamento venda vila madalena	BRL	50	0%	0%	Alto	82	"1,05"	"6,92"																	
casas para alugar próximo a mim	BRL	500	900%	900%	Alto	76	"0,36"	"1,81"																	
apartamento na vila olimpia	BRL	500	900%	0%	Alto	78	"1,38"	"7,98"																	
imóveis rio de janeiro	BRL	50	0%	0%	Alto	69	"0,68"	"4,55"																	
apartamento moema alugar	BRL	5000	0%	-90%	Alto	80	"0,55"	"3,87"																	
apartamento para alugar na vila olimpia	BRL	500	0%	0%	Alto	84	"0,60"	"3,85"																	
aluguel bela vista sao paulo	BRL	500	0%	0%	Alto	78	"0,40"	"2,45"																	
kitnet alugar	BRL	500	900%	0%	Médio	60	"0,28"	"1,73"																	
alugar apto sao paulo	BRL	5000	0%	0%	Alto	79	"0,61"	"3,77"																	
locação apartamento	BRL	500	0%	0%	Alto	72	"0,76"	"4,35"																	
apartamento comprar moema	BRL	500	0%	0%	Alto	76	"2,29"	"13,70"																	
comprar apto sp	BRL	500	0%	0%	Alto	81	"1,52"	"7,98"																	
apartamento comprar sao paulo	BRL	50	0%	0%	Alto	79	"1,75"	"8,41"																	
aluguel de apartamento em são paulo	BRL	50	0%	0%	Alto	82	"0,76"	"4,59"																	
alugar casa em curitiba	BRL	50	0%	0%	Alto	77	"0,17"	"1,17"																	
casa venda porto alegre	BRL	50	0%	0%	Médio	59	"0,38"	"1,89"																	
comprar apartamento em moema	BRL	500	0%	0%	Alto	76	"2,29"	"13,70"																	
alugar vila mariana	BRL	50	0%	0%	Alto	78	"0,46"	"2,79"																	
aluguel zona norte porto alegre	BRL	50	0%	∞	Baixo	26																			
apartamento para venda em são paulo	BRL	500	0%	0%	Alto	79	"1,37"	"6,41"																	
apartamento para alugar florianópolis	BRL	500	0%	0%	Alto	72	"0,18"	"2,30"																	
apartamentos curitiba alugar	BRL	500	0%	0%	Alto	71	"0,17"	"1,35"																	
casas baratas em curitiba	BRL	50	0%	0%	Alto	71	"0,26"	"1,68"																	
apartamento no rio de janeiro para alugar	BRL	50	0%	0%	Alto	75	"0,28"	"2,23"																	
aluguel vila mariana sp	BRL	50	0%	900%	Alto	77	"0,41"	"2,57"																	
apartamento pinheiros sao paulo	BRL	50	0%	-90%	Alto	74	"0,97"	"6,79"																	
apartamento para comprar perdizes	BRL	500	900%	0%	Alto	83	"1,94"	"9,86"																	
apartamento alugar vila madalena	BRL	500	0%	0%	Alto	80	"0,40"	"2,93"																	
apartamento são paulo comprar	BRL	500	0%	0%	Alto	81	"1,72"	"8,21"				Y													
aluguel kitnet curitiba	BRL	50	0%	0%	Médio	47	"0,13"	"1,07"																	
aluguel de apartamento florianopolis	BRL	50	0%	0%	Alto	69	"0,16"	"1,21"																	
apartamento curitiba comprar	BRL	50	0%	0%	Alto	71	"0,48"	"4,14"																	
apartamento no campo belo	BRL	500	0%	0%	Alto	82	"1,15"	"7,56"																	
apartamento pequeno para alugar	BRL	50	0%	-90%	Médio	48	"0,33"	"2,81"																	
imoveis venda porto alegre	BRL	50	0%	0%	Alto	86																			
casas para venda em porto alegre	BRL	50	0%	0%	Médio	59	"0,38"	"1,89"																	
aluguel apartamento vila nova conceição	BRL	500	900%	0%	Alto	82	"0,82"	"7,33"																	
apartamento para comprar em perdizes	BRL	500	900%	0%	Alto	83	"1,94"	"9,86"																	
imóveis para alugar em são paulo	BRL	50	0%	0%	Alto	81	"0,64"	"3,55"																	
aluguel de casa em sao paulo	BRL	5000	0%	0%	Alto	79	"0,44"	"2,04"																	
kitnet em sp	BRL	500	0%	0%	Médio	62	"0,35"	"2,55"																	
pinheiros apartamento	BRL	500	0%	-90%	Alto	74	"1,16"	"7,38"																	
aluguel apartamento rj	BRL	50	0%	0%	Alto	76	"0,21"	"2,78"																	
apartamentos alugar são paulo	BRL	5000	0%	0%	Alto	79	"0,61"	"3,77"																	
apartamento na bela vista	BRL	500	0%	0%	Alto	67	"0,42"	"3,58"																	
comprar casa curitiba	BRL	50	0%	0%	Alto	67	"0,19"	"1,03"																	
apartamentos para alugar em florianópolis	BRL	50	0%	∞	Médio	62	"0,27"	"3,59"																	
apartamento comprar florianopolis	BRL	50	0%	0%	Alto	71	"0,22"	"3,25"																	
apartamento para venda rio de janeiro	BRL	50	0%	0%	Alto	79	"0,64"	"4,68"																	
apartamento florianópolis	BRL	50	0%	0%	Alto	71	"0,08"	"0,67"																	
zap imóveis df	BRL	50	∞	0%	Alto	71																			
apartamentos alugar curitiba	BRL	50	0%	0%	Alto	80	"0,17"	"2,80"																	
zap imóveis florianópolis	BRL	50	∞	0%	Alto	86																			
casas alugar são paulo	BRL	5000	0%	0%	Alto	77	"0,43"	"1,96"																	
apartamento para comprar itaim bibi	BRL	50	0%	0%	Alto	86	"3,53"	"13,33"																	
comprar casa em sao paulo	BRL	500	0%	0%	Alto	77	"0,75"	"4,84"																	
aluguel de apartamento no rio de janeiro	BRL	50	0%	0%	Alto	76	"0,17"	"3,01"																	
kitnet centro curitiba	BRL	50	0%	0%	Baixo	14	"0,40"	"4,22"																	
apartamento em perdizes para alugar	BRL	50	0%	0%	Alto	81	"0,60"	"3,25"																	
venda apartamento curitiba	BRL	50	0%	-90%	Alto	68	"0,23"	"1,72"																	
alugar sp	BRL	5000	0%	0%	Alto	78	"0,47"	"2,44"																	
aptos a venda	BRL	500	0%	0%	Médio	59	"0,44"	"2,04"																	
alugar apartamento são paulo sp	BRL	500	0%	0%	Alto	80	"0,66"	"4,86"																	
casas para comprar em sao paulo	BRL	5000	0%	0%	Alto	77	"0,80"	"4,61"																	
aluguel apartamento em sao paulo	BRL	50	0%	0%	Alto	84	"1,18"	"5,29"																	
alugar em sao paulo	BRL	5000	0%	0%	Alto	79	"0,59"	"3,48"																	
comprar apartamento em perdizes	BRL	500	0%	0%	Alto	80	"1,45"	"8,14"																	
apartamentos à venda em curitiba	BRL	50	0%	0%	Alto	76	"0,17"	"0,57"																	
apartamentos para comprar em curitiba até 200 mil	BRL	50	0%	0%	Desconhecido																				
apartamento perto de mim	BRL	500	0%	0%	Alto	77	"1,54"	"6,01"																	
kitnet para alugar em porto alegre	BRL	50	0%	0%	Alto	69	"0,18"	"1,36"																	
apartamento venda campo belo	BRL	500	0%	0%	Alto	80	"1,23"	"7,51"																	
apartamento para alugar em curitiba barato	BRL	50	0%	0%	Baixo	21																			
aluguel kitnet porto alegre	BRL	50	0%	0%	Médio	45	"0,19"	"1,08"																	
imoveis a venda em florianopolis	BRL	50	0%	0%	Alto	85	"0,32"	"1,52"																	
alugar apartamento em pinheiros	BRL	500	0%	0%	Alto	79	"0,66"	"4,61"																	
casas alugar curitiba	BRL	500	0%	0%	Alto	71	"0,17"	"0,90"																	
vila olimpia apartamento	BRL	500	0%	0%	Alto	71	"0,92"	"5,62"																	
alugar casa em sp	BRL	500	0%	0%	Alto	78	"0,43"	"2,41"																	
apartamento vila mariana sao paulo	BRL	50	0%	-90%	Alto	77	"1,11"	"5,59"																	
apartamento venda vila olimpia	BRL	50	0%	0%	Alto	80	"1,18"	"6,80"																	
apartamentos em curitiba alugar	BRL	500	0%	0%	Alto	71	"0,17"	"1,35"																	
comprar apartamento vila nova conceição	BRL	50	0%	0%	Alto	69	"3,67"	"14,45"																	
web imóveis sp	BRL	50	-90%	-90%	Alto	70	"0,57"	"3,12"																	
alugar apartamento em moema	BRL	500	0%	0%	Alto	80	"0,56"	"4,06"																	
apartamentos em curitiba para comprar	BRL	50	0%	0%	Alto	73	"0,28"	"1,08"																	
casas no rio de janeiro	BRL	500	0%	0%	Médio	51	"0,47"	"2,96"																	
venda de imoveis rj	BRL	50	0%	∞	Médio	61	"1,51"	"13,84"																	
zap anunciar	BRL	50	0%	0%	Médio	56	"1,44"	"7,79"																	
aluguel de casas florianopolis	BRL	50	0%	0%	Alto	84	"0,26"	"2,99"																	
venda de imoveis belo horizonte	BRL	50	-100%	-100%	Desconhecido																				
apartamento à venda em curitiba	BRL	50	0%	-90%	Alto	68	"0,23"	"1,72"																	
aluguel imoveis sp	BRL	50	900%	900%	Alto	83	"1,08"	"5,22"																	
casas para aluguel	BRL	50000	0%	0%	Alto	71	"0,39"	"1,40"																	
apartamento rio de janeiro venda	BRL	50	0%	0%	Alto	79	"0,64"	"4,68"																	
apartamento perdizes venda	BRL	500	0%	0%	Alto	79	"0,84"	"5,82"																	
apartamento compra sao paulo	BRL	50	0%	0%	Alto	79	"1,75"	"8,41"																	
aluguel bela vista sp	BRL	500	0%	0%	Alto	78	"0,40"	"2,45"																	
kitnet para alugar sao paulo	BRL	50	0%	0%	Médio	65	"0,34"	"2,24"																	
apartamento alugar campo belo	BRL	500	0%	0%	Alto	80	"0,53"	"2,99"																	
apartamento para alugar vila mariana sp	BRL	500	0%	0%	Alto	80	"0,34"	"2,31"																	
apartamento para alugar no campo belo	BRL	500	0%	0%	Alto	80	"0,53"	"2,99"																	
apartamento vila mariana venda	BRL	500	0%	0%	Alto	81	"1,01"	"5,86"																	
aluguel de kitnet rio de janeiro	BRL	50	0%	0%	Alto	71	"0,27"	"1,39"																	
imoveis recife	BRL	50	0%	0%	Médio	57	"0,23"	"5,62"																	
kitnet alugar são paulo	BRL	500	0%	0%	Alto	71	"0,37"	"1,67"																	
anunciar no zap	BRL	50	0%	0%	Médio	56	"1,44"	"7,79"																	
casas para alugar em florianópolis para morar	BRL	50	0%	0%	Alto	86	"0,19"	"0,70"																	
comprar casa sp	BRL	50	0%	0%	Alto	75	"0,72"	"4,22"																	
imoveis alugar são paulo	BRL	5000	0%	0%	Alto	78	"0,68"	"3,52"																	
imoveis em salvador	BRL	50	0%	0%	Médio	49	"0,41"	"4,16"																	
aluguel apartamento campo belo	BRL	500	0%	0%	Alto	80	"0,48"	"3,64"																	
kit net porto alegre	BRL	50	-100%	0%	Desconhecido																				
apartamento em vila mariana	BRL	5000	0%	0%	Alto	77	"0,94"	"6,15"																	
alugar casa porto alegre	BRL	50	0%	0%	Médio	50																			
imoveis a venda sao paulo	BRL	500	900%	900%	Alto	74	"1,12"	"5,34"																	
imoveis para alugar em sp	BRL	500	0%	0%	Alto	78	"0,65"	"3,39"																	
apartamentos a venda em pinheiros sp	BRL	500	900%	900%	Alto	80	"0,64"	"5,92"																	
apartamento pinheiros sp	BRL	50	0%	-90%	Alto	74	"0,97"	"6,79"																	
alugar casa são paulo	BRL	5000	0%	0%	Alto	79	"0,55"	"2,40"																	
comprar casa em curitiba	BRL	50	0%	0%	Alto	67	"0,19"	"1,03"																	
apartamento pinheiros venda	BRL	500	0%	0%	Alto	83	"1,15"	"8,54"																	
apartamento locação	BRL	500	0%	0%	Alto	69	"0,74"	"4,10"																	
apartamento na planta rj preço	BRL	50	0%	0%	Desconhecido																				
comprar casa porto alegre	BRL	50	0%	0%	Alto	86																			
apartamento em sao paulo comprar	BRL	500	0%	0%	Alto	81	"1,72"	"8,21"																	
apartamento para alugar em pinheiros sp	BRL	500	0%	0%	Alto	80	"0,48"	"3,30"																	
apartamento à venda em são paulo	BRL	50	0%	0%	Alto	77	"0,67"	"5,99"																	
apartamento venda vila nova conceição	BRL	50	0%	0%	Alto	81	"1,16"	"13,23"																	
imoveis a venda sp	BRL	50	0%	0%	Alto	71	"0,65"	"3,64"																	
casas baratas em florianópolis	BRL	50	∞	0%	Alto	71																			
kitnet para alugar perto de mim	BRL	500	0%	0%	Alto	79	"0,37"	"2,17"																	
apartamentos à venda em são paulo	BRL	500	0%	0%	Alto	79	"1,37"	"6,41"																	
apartamento para alugar na vila madalena	BRL	500	0%	0%	Alto	80	"0,40"	"2,93"																	
casa para alugar em floripa	BRL	50	0%	0%	Alto	74	"0,17"	"1,60"																	
apartamentos a venda em moema sp	BRL	500	0%	900%	Alto	81	"0,80"	"4,37"																	
apartamento sao paulo venda	BRL	500	0%	0%	Alto	79	"1,37"	"6,41"																	
apartamento em sp comprar	BRL	500	0%	0%	Alto	81	"1,52"	"7,98"																	
apartamento para alugar em vila mariana	BRL	5000	0%	0%	Alto	78	"0,45"	"2,81"																	
apartamentos baratos em florianópolis	BRL	50	0%	0%	Alto	86																			
casa a venda florianópolis	BRL	50	0%	0%	Médio	62	"0,13"	"0,68"																	
apartamentos a venda em curitiba pr	BRL	50	0%	0%	Alto	78	"0,30"	"1,78"																	
apartamento em perdizes venda	BRL	500	0%	0%	Alto	79	"0,84"	"5,82"																	
apartamento em sp alugar	BRL	5000	900%	0%	Alto	79	"0,62"	"3,95"																	
apartamentos novos para alugar	BRL	50	0%	0%	Alto	79	"0,67"	"3,62"																	
casa alugar sao paulo	BRL	5000	0%	0%	Alto	77	"0,43"	"1,96"																	
imoveis pinheiros	BRL	50	0%	-90%	Alto	86	"1,76"	"9,13"																	
comprar casas rio de janeiro	BRL	50	0%	0%	Alto	77	"0,31"	"1,50"																	
apartamentos para comprar no rio de janeiro	BRL	50	0%	0%	Alto	93																			
apartamento comprar itaim bibi	BRL	50	0%	0%	Alto	77	"2,22"	"16,13"																	
casas para comprar curitiba	BRL	50	0%	0%	Alto	69	"0,28"	"1,33"																	
apartamento em moema comprar	BRL	500	0%	0%	Alto	76	"2,29"	"13,70"																	
apartamento aluguel itaim bibi	BRL	500	0%	0%	Alto	81	"0,67"	"6,07"																	
imoveis a venda em sp	BRL	50	0%	0%	Alto	69	"0,77"	"4,37"																	
locação apartamento curitiba	BRL	50	0%	0%	Alto	81	"0,24"	"1,63"																	
aluguel kitnet rj	BRL	50	0%	0%	Médio	39																			
apartamento venda bela vista	BRL	50	900%	900%	Alto	80	"0,55"	"4,18"																	
casa em sp	BRL	500	0%	0%	Médio	63	"0,44"	"2,84"																	
alugar ap em sp	BRL	5000	900%	0%	Alto	79	"0,62"	"3,95"																	
alugar casa florianopolis	BRL	50	0%	-90%	Alto	78	"0,17"	"3,03"																	
apartamento locação curitiba	BRL	50	0%	0%	Alto	81	"0,24"	"1,63"																	
anunciar casa a venda	BRL	50	-100%	-100%	Desconhecido																				
alugar apartamento no rio de janeiro	BRL	500	0%	0%	Alto	79	"0,28"	"3,28"																	
apartamento bela vista sao paulo	BRL	500	0%	0%	Médio	57	"0,49"	"3,65"																	
aluguel de kitnet barato	BRL	50	∞	0%	Alto	71																			
kitnet para alugar em curitiba barato	BRL	50	0%	0%	Baixo	5																			
casa em floripa	BRL	50	0%	0%	Médio	54	"0,22"	"1,95"																	
sao paulo apartamento	BRL	500	0%	0%	Alto	73	"1,21"	"6,74"				Y													
casas para comprar em porto alegre	BRL	50	0%	0%	Alto	79	"0,49"	"2,93"																	
aluguel de imoveis rj	BRL	50	0%	0%	Alto	75	"0,25"	"1,16"																	
apto alugar vila mariana	BRL	5000	0%	0%	Alto	78	"0,45"	"2,81"																	
imóveis à venda são paulo	BRL	50	0%	0%	Alto	86	"0,33"	"2,51"																	
comprar apto sao paulo	BRL	500	0%	0%	Alto	81	"1,72"	"8,21"																	
comprar apartamento bela vista	BRL	500	0%	900%	Alto	83	"0,70"	"5,03"																	
apartamentos para comprar florianopolis	BRL	50	0%	0%	Alto	75	"0,32"	"3,60"																	
aluguel casa rio de janeiro	BRL	50	0%	0%	Alto	76	"0,31"	"2,53"																	
aluguel em pinheiros sp	BRL	500	0%	900%	Alto	81	"0,45"	"3,31"																	
apartamentos baratos em curitiba	BRL	50	0%	0%	Alto	71	"0,58"	"1,53"																	
apartamento para venda curitiba	BRL	50	0%	-90%	Alto	68	"0,23"	"1,72"																	
apartamentos à venda em porto alegre até 100 mil	BRL	50	0%	-100%	Desconhecido																				
imoveis a venda florianopolis	BRL	50	0%	0%	Alto	85	"0,32"	"1,52"																	
apartamentoa venda	BRL	500	0%	0%	Alto	74	"1,10"	"5,99"																	
zap imoveis como anunciar	BRL	50	0%	0%	Médio	61	"1,24"	"6,53"																	
apartamento para aluguel	BRL	50	0%	0%	Médio	64	"0,47"	"2,80"																	
casas à venda em curitiba	BRL	50	0%	0%	Médio	63	"0,19"	"0,93"																	
apartamento a venda bela vista sp	BRL	500	0%	0%	Alto	75	"0,28"	"2,39"																	
alugar apartamento em florianopolis	BRL	500	0%	-90%	Alto	74	"0,18"	"2,75"																	
apartamento para comprar na vila mariana	BRL	500	0%	0%	Alto	81	"1,60"	"8,90"																	
imovel venda	BRL	500	0%	0%	Médio	64	"0,46"	"12,01"																	
kitnet para alugar no rio de janeiro	BRL	50	0%	0%	Alto	80	"0,18"	"1,11"																	
imóveis para venda em são paulo	BRL	50	0%	0%	Alto	78	"0,46"	"6,09"																	
campo belo apartamento	BRL	500	0%	0%	Alto	82	"1,15"	"7,56"																	
apartamento a venda na bela vista	BRL	500	0%	0%	Alto	74	"0,46"	"4,27"																	
venda de apartamento em sao paulo	BRL	500	900%	0%	Alto	80	"2,16"	"11,66"																	
apartamento rj aluguel	BRL	50	0%	0%	Alto	78	"0,29"	"2,13"																	
casa aluguel florianopolis	BRL	500	900%	0%	Alto	72	"0,17"	"2,51"																	
aluguel na vila mariana	BRL	500	0%	0%	Alto	75	"0,34"	"2,26"																	
casas a venda em curitiba pr	BRL	50	0%	0%	Alto	68	"0,09"	"0,63"																	
apartamento para alugar na pompeia	BRL	500	0%	0%	Alto	80	"0,40"	"2,23"																	
apartamento porto alegre venda	BRL	50	0%	0%	Médio	64	"0,47"	"3,06"																	
imoveis aluguel sao paulo	BRL	5000	0%	0%	Alto	78	"0,68"	"3,52"																	
apartamentos em moema para venda	BRL	50	0%	0%	Alto	86	"1,93"	"11,27"																	
casas em curitiba para alugar	BRL	50	0%	0%	Alto	75	"0,17"	"1,18"																	
zap imo	BRL	50	900%	900%	Médio	50	"0,19"	"2,81"																	
casa florianópolis	BRL	50	0%	-90%	Médio	62	"0,20"	"2,48"																	
aluguel apartamento itaim	BRL	50	0%	-90%	Alto	81	"0,93"	"6,84"																	
apartamento em rio de janeiro	BRL	500	0%	0%	Alto	73	"0,70"	"4,62"																	
apartamentos até 400 mil em sp	BRL	50	0%	0%	Alto	72	"0,74"	"3,03"																	
apartamentos à venda em porto alegre	BRL	50	0%	0%	Médio	64	"0,47"	"3,06"																	
casa alugar sp	BRL	5000	0%	-90%	Alto	76	"0,38"	"1,70"																	
apartamento a venda na pompeia	BRL	500	0%	0%	Alto	78	"0,55"	"4,19"																	
casas em florianópolis para alugar	BRL	50	0%	0%	Médio	66	"0,22"	"2,36"																	
apartamento bela vista sp	BRL	500	0%	0%	Médio	57	"0,49"	"3,65"																	
aluguel de casas curitiba	BRL	50	0%	0%	Alto	71	"0,17"	"1,18"																	
comprar apto porto alegre	BRL	50	0%	0%	Alto	77	"0,30"	"2,36"																	
comprar apto em sao paulo	BRL	500	0%	0%	Alto	81	"1,72"	"8,21"																	
apartamento moema venda	BRL	500	0%	0%	Alto	80	"1,40"	"8,79"																	
apartamento alugar em sao paulo	BRL	5000	0%	0%	Alto	79	"0,61"	"3,77"																	
apartamento para alugar pinheiros sp	BRL	500	0%	0%	Alto	80	"0,48"	"3,30"																	
casas de aluguel são paulo	BRL	500	0%	0%	Alto	76	"0,38"	"2,13"																	
aluguel apartamento florianópolis	BRL	50	0%	0%	Alto	69	"0,17"	"2,76"																	
apartamento 2 quartos perdizes aluguel	BRL	50	0%	0%	Alto	75	"0,47"	"2,15"																	
kitnet em porto alegre	BRL	50	0%	0%	Médio	37	"0,20"	"1,30"																	
apartamento em florianopolis aluguel	BRL	500	0%	0%	Alto	72	"0,18"	"2,30"																	
zap imóveis porto alegre aluguel	BRL	50	0%	-100%	Desconhecido																				
apartamento campo belo comprar	BRL	50	0%	0%	Alto	84	"1,67"	"10,41"																	
comprar apartamento pompeia	BRL	50	0%	0%	Alto	81	"0,43"	"4,68"																	
apartamento para venda florianopolis	BRL	50	0%	0%	Alto	70	"0,20"	"2,16"																	
sao paulo aluguel	BRL	5000	0%	0%	Alto	79	"0,59"	"3,48"																	
venda de apartamento em curitiba	BRL	50	-100%	-100%	Desconhecido																				
apartamentos para comprar em florianopolis	BRL	50	0%	0%	Alto	75	"0,32"	"3,60"																	
jk porto alegre	BRL	50	0%	∞	Baixo	4																			
aptos para alugar	BRL	50	0%	0%	Médio	63	"0,54"	"2,14"																	
comprar apartamento em florianopolis	BRL	50	0%	0%	Alto	71	"0,22"	"3,25"																	
comprar apartamento jardim paulista	BRL	50	0%	0%	Alto	81	"1,96"	"12,25"																	
apartamento campo belo aluguel	BRL	500	0%	0%	Alto	80	"0,53"	"2,99"																	
aluguel itaim	BRL	50	0%	0%	Alto	77	"0,57"	"4,67"																	
apartamento vila madalena aluguel	BRL	500	0%	0%	Alto	80	"0,40"	"2,93"																	
imoveis vila olimpia	BRL	50	0%	0%	Alto	83	"1,57"	"8,62"																	
casas a venda em florianópolis sc	BRL	50	0%	0%	Médio	62	"0,20"	"1,21"																	
apartamento moema aluguel	BRL	5000	0%	-90%	Alto	80	"0,55"	"3,87"																	
imoveis aluguel rio de janeiro	BRL	50	0%	0%	Alto	79	"0,41"	"3,20"																	
apartamento para alugar em rio de janeiro	BRL	500	900%	0%	Alto	71	"0,26"	"2,43"																	
apartamento barato para alugar	BRL	50	0%	0%	Alto	68	"0,73"	"3,13"																	
compra imovel rj	BRL	50	0%	0%	Alto	86																			
imóveis em perdizes sp	BRL	50	0%	0%	Alto	82	"1,04"	"4,25"																	
apartamentos a venda no campo belo	BRL	500	0%	0%	Alto	81	"1,07"	"6,96"																	
imoveis em pinheiros	BRL	50	0%	-90%	Alto	86	"1,76"	"9,13"																	
kitnet para alugar barato	BRL	50	0%	0%	Alto	82	"0,57"	"2,83"																	
apartamento para alugar perdizes 2 quartos	BRL	50	0%	0%	Alto	83	"0,45"	"2,53"																	
apartamento florianópolis venda	BRL	50	0%	0%	Alto	70	"0,20"	"2,16"																	
comprar apartamento itaim	BRL	50	0%	0%	Alto	86	"2,12"	"16,54"																	
preço apartamento sao paulo	BRL	50	0%	0%	Médio	45	"1,50"	"4,38"																	
aluguel em sp barato	BRL	500	0%	0%	Alto	74	"0,40"	"2,42"																	
apartamento vila nova conceição aluguel	BRL	500	0%	0%	Alto	82	"0,86"	"8,92"																	
casas para comprar em são paulo	BRL	500	0%	0%	Alto	77	"0,73"	"4,57"																	
imoveis a venda em belo horizonte	BRL	50	∞	0%	Alto	83	"0,37"	"1,42"																	
aluguel de casa em porto alegre	BRL	50	0%	0%	Alto	74	"0,20"	"2,67"																	
apartamento a venda itaim	BRL	50	0%	0%	Alto	80	"1,10"	"9,83"																	
apartamento venda pompeia	BRL	500	900%	900%	Alto	81	"0,83"	"4,45"																	
casas para alugar porto alegre zona norte	BRL	50	-100%	-100%	Desconhecido																				
casas alugar porto alegre	BRL	50	0%	0%	Médio	53	"0,18"	"1,31"																	
apartamento venda jardim paulista	BRL	50	0%	0%	Alto	83	"1,34"	"6,55"																	
apartamento na bela vista para comprar	BRL	50	0%	0%	Alto	81	"0,92"	"4,93"																	
imoveis vila nova conceição	BRL	50	0%	0%	Alto	99	"1,69"	"13,77"																	
apartamento em florianópolis para alugar	BRL	50	0%	0%	Médio	59	"0,17"	"1,60"																	
apartamentos venda sao paulo	BRL	50	0%	0%	Alto	80	"1,09"	"7,57"																	
imoveis a venda fortaleza	BRL	50	0%	0%	Alto	79	"0,24"	"1,17"																	
apartamento em campo belo	BRL	500	0%	0%	Alto	82	"1,15"	"7,56"																	
apartamentos em florianopolis para alugar	BRL	50	0%	0%	Alto	69	"0,06"	"2,96"																	
comprar imóveis porto alegre	BRL	50	∞	0%	Alto	86	"0,27"	"9,46"																	
aluguel de casa sao paulo	BRL	5000	0%	0%	Alto	79	"0,44"	"2,04"																	
apartamento à venda são paulo	BRL	500	0%	0%	Alto	79	"1,37"	"6,41"																	
ap a venda em sp	BRL	500	0%	0%	Alto	78	"0,62"	"5,15"																	
apartamentos no itaim bibi para alugar	BRL	50	0%	0%	Alto	86	"1,03"	"3,04"																	
apartamento a venda moema sp	BRL	500	0%	900%	Alto	81	"0,80"	"4,37"																	
apartamentos poa	BRL	50	0%	0%	Alto	70	"0,50"	"3,31"																	
apartamento para alugar bela vista são paulo	BRL	50	0%	-90%	Alto	81	"0,60"	"3,10"																	
apartamento itaim bibi comprar	BRL	50	0%	0%	Alto	77	"2,22"	"16,13"																	
moema aluguel	BRL	500	0%	0%	Alto	77	"0,45"	"3,41"																	
apartamento campo belo venda	BRL	500	0%	0%	Alto	80	"1,23"	"7,51"																	
apartamento no jardim paulista	BRL	500	0%	0%	Alto	69	"1,38"	"6,83"																	
imóveis em santo andré	BRL	500	0%	0%	Alto	86	"0,60"	"2,96"																	
apartamento para alugar em floripa	BRL	50	0%	0%	Alto	82	"0,14"	"1,68"																	
casa aluguel sp	BRL	5000	0%	-90%	Alto	76	"0,38"	"1,70"																	
imoveis no rio de janeiro	BRL	50	0%	0%	Alto	69	"0,68"	"4,55"																	
apartamento vila olimpia sao paulo	BRL	50	0%	0%	Alto	78	"0,83"	"7,85"																	
apartamento 2 quartos florianópolis venda	BRL	50	0%	0%	Médio	63	"0,70"	"4,25"																	
apartamento pompéia venda	BRL	500	900%	900%	Alto	81	"0,83"	"4,45"																	
casas para venda rio de janeiro	BRL	50	0%	0%	Alto	70	"0,26"	"1,74"																	
casa venda florianopolis	BRL	50	0%	0%	Alto	70	"0,18"	"1,24"																	
casas venda porto alegre	BRL	50	0%	0%	Médio	59	"0,38"	"1,89"																	
comprar imóveis rio de janeiro	BRL	50	∞	0%	Alto	86	"0,44"	"5,52"																	
apartamento comprar vila madalena	BRL	50	0%	0%	Alto	84	"1,98"	"12,77"																	
imoveis para alugar sp	BRL	500	0%	0%	Alto	78	"0,65"	"3,39"																	
aluguel ap sp	BRL	5000	900%	0%	Alto	79	"0,62"	"3,95"																	
venda de apartamento em porto alegre	BRL	50	0%	0%	Desconhecido																				
casas em sao paulo para alugar	BRL	50	0%	0%	Alto	73	"0,58"	"2,03"																	
vila nova conceição aluguel	BRL	500	900%	0%	Alto	79	"0,50"	"6,78"																	
aluguel casa florianópolis	BRL	50	0%	0%	Médio	52	"0,15"	"1,34"																	
aluguel pinheiros sao paulo	BRL	500	0%	900%	Alto	81	"0,45"	"3,31"																	
apartamento a venda na vila olimpia	BRL	500	0%	0%	Alto	74	"1,04"	"7,94"																	
apartamentos na vila nova conceição	BRL	500	0%	0%	Alto	74	"1,05"	"9,08"																	
comprar casa em são paulo	BRL	50	0%	0%	Alto	81	"0,48"	"3,35"																	
vila olimpia aluguel	BRL	500	0%	0%	Alto	76	"0,31"	"2,72"																	
venda de casas são paulo	BRL	50	0%	0%	Alto	74	"0,63"	"4,72"																	
kitnet para alugar no centro de são paulo	BRL	500	0%	0%	Alto	76	"0,31"	"1,43"																	
apartamento lançamento rio de janeiro	BRL	50	0%	0%	Alto	82																			
aluguel de casa em são paulo	BRL	50	0%	0%	Alto	83	"0,43"	"2,11"																	
apartamento vila nova conceição comprar	BRL	50	0%	0%	Alto	69	"3,67"	"14,45"																	
apartamento a venda vila mariana sp	BRL	500	0%	0%	Alto	79	"0,88"	"3,94"																	
casas para comprar em sp	BRL	500	0%	-90%	Alto	75	"0,55"	"4,52"																	
apartamentos em construção rio de janeiro	BRL	50	0%	0%	Alto	86																			
aluguel kitnet sao paulo	BRL	500	0%	0%	Alto	74	"0,43"	"1,60"																	
kitnet para alugar rj barato	BRL	50	0%	0%	Alto	86																			
alugar ap sp	BRL	500	0%	0%	Alto	80	"0,71"	"4,41"																	
apartamento para alugar em moema sp	BRL	500	0%	0%	Alto	80	"0,48"	"3,47"																	
zap imoveis anunciar gratis	BRL	50	0%	0%	Alto	67	"1,45"	"5,04"																	
casas para alugar porto alegre rs	BRL	50	0%	0%	Médio	61	"0,17"	"1,12"																	
venda apartamento rio de janeiro	BRL	50	0%	0%	Alto	79	"0,64"	"4,68"																	
apartamento à venda em curitiba até 300 mil	BRL	50	0%	0%	Baixo	14																			
vila madalena aluguel	BRL	500	0%	0%	Alto	73	"0,42"	"3,02"																	
venda apartamento moema	BRL	500	0%	0%	Alto	80	"1,40"	"8,79"																	
imoveis venda rio de janeiro	BRL	50	0%	0%	Alto	86	"0,82"	"5,61"																	
casas para comprar florianopolis	BRL	50	0%	0%	Alto	79	"0,15"	"1,08"																	
imoveis para vender em sao paulo	BRL	50	0%	0%	Alto	78	"0,46"	"6,09"																	
apartamento moema sp	BRL	50	0%	0%	Alto	74	"1,16"	"6,17"																	
imoveis zap	BRL	50000	0%	0%	Médio	44	"0,08"	"2,34"																	
apartamento vila olimpia venda	BRL	50	0%	0%	Alto	80	"1,18"	"6,80"																	
imoveis para alugar sao paulo	BRL	5000	0%	0%	Alto	78	"0,68"	"3,52"																	
imoveis venda bh	BRL	50	0%	∞	Alto	86	"0,48"	"2,34"																	
apartamento itaim bibi venda	BRL	50	0%	0%	Alto	73	"1,62"	"11,05"																	
imoveis a venda em goiania	BRL	50	0%	0%	Alto	68	"0,12"	"1,03"																	
apartamento para venda em pinheiros	BRL	500	0%	0%	Alto	83	"1,15"	"8,54"																	
apartamento de aluguel	BRL	50	0%	0%	Alto	73	"0,58"	"4,95"				Y													
apartamento perdizes sao paulo	BRL	50	0%	0%	Alto	78	"1,07"	"4,64"																	
aluguel sp apartamento	BRL	5000	900%	0%	Alto	79	"0,62"	"3,95"																	
aluguel imoveis sao paulo	BRL	50	0%	0%	Alto	83	"0,67"	"3,88"																	
casa para comprar em porto alegre	BRL	50	0%	0%	Alto	79	"0,49"	"2,93"																	
lançamentos rio de janeiro	BRL	50	0%	0%	Alto	67	"2,98"	"8,06"																	
aluguel perdizes sp	BRL	50	0%	900%	Alto	78	"0,37"	"2,56"																	
aluguel de apartamento em florianopolis	BRL	50	0%	0%	Alto	69	"0,16"	"1,21"																	
imoveis a venda goiania	BRL	50	0%	0%	Alto	68	"0,12"	"1,03"																	
apartamento sao paulo vila mariana	BRL	50	0%	0%	Alto	90	"0,84"	"5,09"																	
apartamentos alugar sao paulo	BRL	50	0%	0%	Alto	79	"0,95"	"11,51"																	
anuncio zap imoveis valor	BRL	50	0%	0%	Baixo	14																			
apartamento moema sao paulo	BRL	50	0%	0%	Alto	74	"1,16"	"6,17"																	
apartamento aluguel vila nova conceição	BRL	500	0%	0%	Alto	82	"0,86"	"8,92"																	
casa para comprar curitiba	BRL	50	0%	0%	Alto	69	"0,28"	"1,33"																	
aluguel de casa em florianópolis	BRL	50	0%	0%	Alto	76	"0,17"	"2,40"																	
alugar casa em são paulo	BRL	500	0%	0%	Alto	79	"0,41"	"2,30"																	
casas em curitiba a venda	BRL	500	0%	0%	Médio	64	"0,16"	"0,94"																	
kitnet para estudantes sp	BRL	50	0%	0%	Alto	86	"0,51"	"2,07"																	
casas para vender em são paulo	BRL	50	-90%	-90%	Alto	75	"0,51"	"3,81"																	
aluguel de apartamento em pinheiros	BRL	50	0%	0%	Alto	82	"0,82"	"5,63"																	
aluguel de casa em sp	BRL	500	0%	0%	Médio	66	"0,45"	"2,04"																	
alugar apto vila mariana	BRL	50	0%	0%	Alto	70	"0,35"	"3,14"																	
zap imóveis são paulo aluguel	BRL	50	0%	-100%	Desconhecido																				
apartamento no campo belo pronto para morar	BRL	50	0%	0%	Alto	89	"1,95"	"6,76"																	
venda imoveis bh	BRL	50	0%	∞	Alto	86	"0,48"	"2,34"																	
imóveis a venda em fortaleza	BRL	50	0%	0%	Alto	78	"0,09"	"0,74"																	
itaim bibi apartamento aluguel	BRL	50	0%	0%	Alto	73	"0,73"	"3,14"																	
apartamento para alugar bela vista 2 quartos	BRL	50	0%	0%	Alto	67	"0,40"	"3,23"																	
apartamentos para vender em sao paulo	BRL	500	0%	0%	Alto	79	"1,37"	"6,41"																	
lugares para alugar em sp	BRL	50	0%	0%	Alto	76	"0,62"	"2,19"																	
apartamento em porto alegre para comprar	BRL	50	0%	∞	Alto	86																			
apartamento na planta no rio de janeiro	BRL	50	0%	0%	Alto	81	"3,53"	"11,28"																	
aluguel de ap em sp	BRL	500	0%	0%	Alto	80	"0,92"	"6,40"																	
kit net rio de janeiro	BRL	50	0%	0%	Alto	76	"0,17"	"1,46"																	
aluguel de casa em florianopolis	BRL	50	0%	0%	Alto	84	"0,26"	"2,99"																	
preço de um apartamento em sp	BRL	50	0%	0%	Médio	61	"3,05"	"4,64"																	
vendas de apartamentos em sp	BRL	50	0%	0%	Alto	86	"0,56"	"3,78"																	
apartamento floripa	BRL	50	0%	0%	Médio	52	"0,20"	"1,93"																	
ap em sao paulo para alugar	BRL	500	0%	0%	Alto	76	"0,48"	"3,68"																	
apartamento para venda em florianópolis	BRL	50	0%	0%	Alto	70	"0,20"	"2,16"																	
aluguel em florianópolis sc	BRL	50	0%	0%	Alto	74	"0,17"	"1,81"																	
bela vista apartamento	BRL	500	0%	0%	Alto	67	"0,42"	"3,58"																	
alugar um apartamento	BRL	50	0%	0%	Médio	55	"1,27"	"9,08"																	
casa para comprar em sao paulo	BRL	5000	0%	0%	Alto	77	"0,80"	"4,61"																	
apartamento no rio de janeiro comprar	BRL	50	0%	0%	Alto	80	"0,85"	"6,52"																	
aluguel em moema sp	BRL	50	0%	0%	Alto	78	"0,35"	"2,79"																	
zap imoveis anuncio gratis	BRL	50	0%	0%	Alto	86	"2,14"	"9,83"																	
imoveis a venda no rio de janeiro	BRL	50	0%	0%	Alto	83	"0,47"	"3,65"																	
apartamentos em curitiba venda	BRL	50	0%	0%	Alto	79																			
venda apartamento florianopolis	BRL	50	0%	0%	Médio	57																			
curitiba apartamento	BRL	500	0%	0%	Alto	70	"0,26"	"2,72"																	
aluguel apartamento pinheiros sp	BRL	50	0%	0%	Alto	76	"0,80"	"5,96"																	
aluguel de casa sp	BRL	500	0%	0%	Médio	66	"0,45"	"2,04"																	
imoveis em sao paulo para alugar	BRL	50	0%	0%	Alto	83	"0,73"	"5,23"																	
aluguel jk porto alegre	BRL	50	0%	∞	Alto	79																			
casas à venda são paulo	BRL	500	0%	0%	Alto	74	"0,58"	"3,74"																	
apartamento são paulo alugar	BRL	5000	0%	0%	Alto	79	"0,61"	"3,77"																	
venda de casas rio de janeiro	BRL	50	∞	0%	Alto	71																			
casas para alugar na bela vista sp	BRL	500	0%	0%	Alto	74	"0,33"	"1,63"																	
aluguel barato porto alegre	BRL	50	-100%	0%	Desconhecido																				
comprar casa são paulo	BRL	500	0%	0%	Alto	77	"0,75"	"4,84"																	
apartamento em moema sp	BRL	50	0%	0%	Alto	86	"2,58"	"11,42"																	
apartamento venda pompéia perdizes	BRL	50	0%	0%	Alto	86	"0,98"	"4,12"																	
pinheiros aluguel	BRL	500	0%	0%	Alto	76	"0,40"	"3,16"																	
apartamento pronto para morar vila mariana	BRL	50	0%	0%	Alto	83	"1,59"	"5,42"																	
alugar apto pinheiros	BRL	50	0%	0%	Alto	84	"0,48"	"4,96"																	
apartamento para comprar bela vista	BRL	50	0%	0%	Alto	81	"0,92"	"4,93"																	
kitnet para alugar no centro do rio de janeiro	BRL	50	0%	0%	Alto	82	"0,12"	"0,42"																	
apartamento em moema para comprar	BRL	500	0%	0%	Alto	78	"2,12"	"13,38"																	
apartamento locação são paulo	BRL	50	0%	0%	Alto	81	"0,99"	"5,62"																	
apartamento para locação são paulo	BRL	500	900%	0%	Alto	78	"0,78"	"3,70"																	
apartamentos usados à venda em porto alegre	BRL	0	0%	0%	Desconhecido																				
apartamento para venda no rio de janeiro	BRL	50	0%	0%	Alto	79	"0,64"	"4,68"																	
locação de imóveis em são paulo	BRL	50	0%	0%	Alto	88	"0,73"	"2,14"																	
apartamento rj comprar	BRL	50	0%	0%	Alto	86																			
venda apartamento vila mariana	BRL	50	0%	0%	Alto	81	"0,59"	"3,72"																	
apartamento no rio de janeiro para comprar	BRL	50	0%	0%	Alto	86																			
alugar são paulo	BRL	500	0%	0%	Alto	77	"0,65"	"3,85"																	
zap imóveis rj aluguel	BRL	50	0%	0%	Médio	34																			
apartamento bela vista comprar	BRL	500	0%	900%	Alto	83	"0,70"	"5,03"																	
apartamento em perdizes sp	BRL	50	0%	0%	Alto	78	"1,07"	"4,64"																	
apartamento a venda proximo a mim	BRL	500	0%	0%	Alto	82	"1,04"	"4,45"																	
apartamento metro vila madalena	BRL	50	0%	0%	Alto	71																			
apartamento para comprar campo belo	BRL	50	0%	0%	Alto	84	"1,67"	"10,41"																	
alugar moema	BRL	50	0%	0%	Alto	75	"1,79"	"6,59"																	
comprar ap em sp	BRL	50	0%	0%	Alto	81	"2,26"	"10,33"																	
zap imoveis distrito federal	BRL	0	0%	0%	Desconhecido																				
apartamentos a venda em porto alegre rs	BRL	50	0%	0%	Alto	83	"0,49"	"2,69"																	
casa venda sao paulo	BRL	500	0%	0%	Alto	74	"0,58"	"3,74"																	
alugar vila madalena	BRL	50	0%	0%	Alto	81	"0,85"	"3,25"																	
em casas rio de janeiro	BRL	0	0%	-100%	Desconhecido																				
casas venda são paulo	BRL	500	0%	0%	Alto	74	"0,58"	"3,74"																	
comprar apto rio de janeiro	BRL	50	0%	0%	Alto	80	"0,85"	"6,52"																	
florianópolis casas a venda	BRL	50	0%	0%	Médio	62	"0,13"	"0,68"																	
aluguel kitnet centro rj	BRL	50	-100%	-100%	Desconhecido																				
apartamentos a venda pinheiros sp	BRL	500	900%	900%	Alto	80	"0,64"	"5,92"																	
apartamento na bela vista para alugar	BRL	50	0%	0%	Alto	78	"0,37"	"2,10"																	
locação de imoveis são paulo	BRL	50	0%	0%	Alto	88	"0,73"	"2,14"																	
comprar casa florianopolis	BRL	50	0%	0%	Médio	61	"0,11"	"1,16"																	
apartamento para venda sao paulo	BRL	500	0%	0%	Alto	79	"1,37"	"6,41"																	
ap em sp para alugar	BRL	50	0%	0%	Alto	86	"0,96"	"3,20"																	
aluguel de apartamento vila mariana	BRL	50	0%	0%	Alto	69	"0,36"	"3,37"																	
casas para alugar florianópolis anual	BRL	50	0%	-100%	Desconhecido																				
apartamento em florianópolis a venda	BRL	50	0%	0%	Alto	72	"0,24"	"2,61"																	
apartamento sao paulo pinheiros	BRL	50	0%	-90%	Alto	74	"0,97"	"6,79"																	
apartamento em curitiba preço	BRL	50	-100%	-100%	Desconhecido																				
aluguel apartamento em curitiba	BRL	50	0%	0%	Médio	60	"0,17"	"0,85"																	
apartamento para locação curitiba	BRL	50	0%	0%	Alto	73	"0,41"	"1,58"																	
imoveis a venda df	BRL	50	0%	0%	Médio	63	"0,43"	"1,48"																	
aluguel florianopolis apartamento	BRL	500	0%	-90%	Alto	74	"0,18"	"2,75"																	
apartamento em moema venda	BRL	500	0%	0%	Alto	80	"1,40"	"8,79"																	
imoveis a venda em são paulo	BRL	50	0%	0%	Alto	79	"0,69"	"4,17"																	
apartamento novo a venda em curitiba	BRL	50	∞	0%	Alto	86																			
apartamento a venda no itaim	BRL	50	0%	0%	Alto	80	"1,10"	"9,83"																	
apartamento para alugar em perdizes sp	BRL	500	0%	900%	Alto	78	"0,33"	"2,79"																	
apartamentos sp alugar	BRL	5000	900%	0%	Alto	79	"0,62"	"3,95"																	
apartamento para vender em moema	BRL	500	0%	0%	Alto	80	"1,40"	"8,79"																	
apartamento em florianópolis venda	BRL	50	0%	0%	Alto	70	"0,20"	"2,16"																	
ap rio de janeiro	BRL	500	0%	0%	Alto	73	"0,70"	"4,62"																	
alugar casa em porto alegre	BRL	50	0%	0%	Alto	67	"0,08"	"0,37"																	
locacao de apartamento em sp	BRL	50	0%	0%	Alto	79	"1,16"	"5,44"																	
apartamento para alugar em itaim bibi	BRL	500	0%	0%	Alto	81	"0,67"	"6,07"																	
casas a venda proximo a mim	BRL	500	0%	0%	Alto	76	"0,43"	"2,63"																	
kitnet alugar curitiba	BRL	50	0%	0%	Médio	65	"0,16"	"0,86"																	
casas à venda em florianópolis	BRL	50	0%	0%	Médio	49	"0,21"	"0,66"																	
comprar apartamento na vila mariana	BRL	500	0%	0%	Alto	81	"1,43"	"8,73"																	
apartamento a venda florianópolis	BRL	50	0%	0%	Alto	72	"0,24"	"2,61"																	
apartamento a venda na vila nova conceição	BRL	500	0%	0%	Alto	74	"0,98"	"6,70"																	
apartamentos novos rio de janeiro	BRL	50	0%	0%	Alto	86																			
casas para alugar em porto alegre rs	BRL	50	0%	0%	Médio	61	"0,17"	"1,12"																	
apartamento sao paulo itaim bibi	BRL	50	0%	0%	Alto	82	"0,75"	"12,08"																	
casa para alugar floripa	BRL	50	0%	0%	Alto	74	"0,17"	"1,60"																	
apartamento em pinheiros a venda	BRL	50	0%	0%	Alto	81	"1,10"	"5,81"																	
florianópolis casas para alugar	BRL	50	0%	0%	Médio	60	"0,15"	"1,03"																	
aluguel moema sp	BRL	50	0%	0%	Alto	78	"0,35"	"2,79"																	
casas curitiba venda	BRL	50	0%	0%	Médio	63	"0,19"	"0,93"																	
apartamento pinheiros alugar	BRL	500	0%	0%	Alto	79	"0,66"	"4,61"																	
imoveis a venda vila mariana	BRL	50	0%	0%	Alto	79	"0,76"	"5,03"																	
apartamento para comprar rj	BRL	50	0%	0%	Alto	75	"0,49"	"3,20"																	apartamentos para venda em florianópolis	BRL	50	0%	0%	Alto	70	"0,20"	"2,16"																	
aluguel de apartamento rj	BRL	50	0%	0%	Médio	64																			
casa alugar florianópolis	BRL	500	900%	0%	Alto	72	"0,17"	"2,51"																	
apartamento a venda vila nova conceicao	BRL	50	0%	0%	Alto	85	"2,36"	"11,15"																	
anuncio zap	BRL	50	0%	0%	Médio	34																			
aluguel de imoveis em sao paulo	BRL	500	0%	0%	Alto	79	"0,78"	"5,06"																	
casas à venda em porto alegre	BRL	50	0%	0%	Médio	59	"0,38"	"1,89"																	
casas para venda em florianópolis	BRL	50	0%	0%	Alto	86	"0,20"	"1,40"																	
apartamento sao paulo aluguel	BRL	5000	0%	0%	Alto	79	"0,61"	"3,77"																	
aluguel vila nova conceicao	BRL	50	0%	0%	Alto	83	"1,18"	"8,58"																	
aluguel em perdizes sp	BRL	50	0%	900%	Alto	78	"0,37"	"2,56"																	
apartamento pompeia aluguel	BRL	500	900%	0%	Alto	74	"0,36"	"2,81"																	
aluguel kitnet sp	BRL	50	0%	0%	Alto	68	"0,41"	"1,98"																	
apartamento a venda no jardim paulista	BRL	500	0%	0%	Alto	75	"0,73"	"6,81"																	
pinheiros apartamento aluguel	BRL	500	0%	0%	Alto	79	"0,66"	"4,61"																	
locação casa	BRL	50	0%	0%	Alto	72	"0,47"	"3,73"																	
alugar casa em florianopolis	BRL	50	0%	-90%	Alto	78	"0,17"	"3,03"																	
venda de imóveis em bh	BRL	50	∞	0%	Baixo	29																			
apartamento para alugar vila mariana sao paulo	BRL	500	0%	0%	Alto	80	"0,34"	"2,31"																	
kitnet tudo incluso sp	BRL	50	0%	0%	Alto	79	"0,34"	"0,96"																	
alugar casas rio de janeiro	BRL	50	0%	0%	Alto	80	"0,48"	"3,29"																	
aluguel ap sao paulo	BRL	5000	0%	0%	Alto	79	"0,61"	"3,77"																	
alugar apartamento em perdizes	BRL	500	0%	0%	Alto	71	"0,40"	"2,84"																	
apto alugar moema	BRL	5000	0%	-90%	Alto	80	"0,55"	"3,87"																	
apartamentos em sp a venda	BRL	500	0%	0%	Alto	80	"0,81"	"4,89"																	
imobiliarias perdizes aluguel	BRL	50	0%	-100%	Desconhecido																				
aluguel vila mariana sao paulo	BRL	50	0%	900%	Alto	77	"0,41"	"2,57"																	
casa sp	BRL	5000	0%	0%	Baixo	14	"0,48"	"3,31"																	
apartamentos em sao paulo capital	BRL	50	0%	0%	Médio	64	"1,67"	"6,79"																	
apartamento campo belo sao paulo	BRL	50	0%	0%	Alto	68	"1,27"	"7,54"																	
casa floripa	BRL	50	0%	0%	Médio	54	"0,22"	"1,95"																	
procuro apartamento para alugar	BRL	50	0%	0%	Baixo	20	"0,50"	"1,59"																	
apartamento alugar itaim	BRL	50	0%	-90%	Alto	81	"0,93"	"6,84"																	
apartamentos a venda curitiba pr	BRL	50	0%	0%	Alto	78	"0,30"	"1,78"																	
apartamento para alugar campo belo sp	BRL	50	0%	0%	Alto	79	"0,54"	"2,59"																	
apartamento comprar campo belo	BRL	50	0%	0%	Alto	84	"1,51"	"10,75"																	
casas à venda em são paulo	BRL	500	0%	0%	Alto	74	"0,58"	"3,74"																	
alugar itaim bibi	BRL	50	0%	0%	Alto	84	"0,65"	"5,83"																	
zap imoveis sao paulo	BRL	50	0%	0%	Médio	54	"0,80"	"2,57"																	
casas para comprar no rio de janeiro	BRL	50	0%	0%	Alto	67	"0,46"	"2,63"																	
apartamentos baratos em sp	BRL	50	900%	900%	Médio	54	"1,08"	"4,90"																	
imoveis para alugar vila mariana	BRL	500	0%	-90%	Alto	79	"0,63"	"3,03"																	
imóveis bh venda	BRL	50	0%	∞	Alto	86	"0,48"	"2,34"																	
anunciar casas para alugar	BRL	50	0%	0%	Alto	78	"11,29"	"1105,45"																	
apartamento são paulo sp	BRL	500	0%	-90%	Alto	75	"1,36"	"6,41"																	
apartamento avenda	BRL	50	0%	0%	Médio	49																			
imoveis sao paulo aluguel	BRL	50	0%	0%	Alto	83	"0,73"	"5,23"																	
curitiba aluguel apartamento	BRL	500	0%	0%	Alto	71	"0,17"	"1,30"																	
apartamento kitnet para alugar	BRL	50	0%	0%	Alto	68	"0,35"	"2,13"																	
df imóveis brasília	BRL	50	0%	-100%	Desconhecido																				
aluguel apartamento pompeia	BRL	500	900%	0%	Alto	74	"0,36"	"2,81"																	
apartamento à venda perto do metrô vila madalena	BRL	50	0%	-100%	Desconhecido																				
apartamento vila olímpia comprar	BRL	50	0%	0%	Alto	84	"1,47"	"8,45"																	
casa para comprar sp	BRL	500	0%	-90%	Alto	75	"0,55"	"4,52"																	
apartamentos grandes em sp	BRL	50	0%	0%	Médio	60	"1,93"	"4,61"																	
venda apartamento perdizes	BRL	500	0%	0%	Alto	79	"0,84"	"5,82"																	
apartamentos baratos em são paulo	BRL	50	0%	0%	Alto	75	"1,14"	"5,11"																	
casa para comprar porto alegre	BRL	50	0%	0%	Alto	79	"0,49"	"2,93"																	
casa para comprar em sp	BRL	500	0%	-90%	Alto	75	"0,55"	"4,52"																	
apartamento em são paulo comprar	BRL	500	0%	0%	Alto	81	"1,72"	"8,21"																	
aluguel de kitnet em sao paulo	BRL	500	0%	0%	Alto	78	"0,33"	"1,98"																	
apartamento em floripa	BRL	50	0%	0%	Médio	54	"0,20"	"2,52"																	
apartamento 2 quartos bela vista aluguel	BRL	50	0%	0%	Alto	68	"0,28"	"2,03"																	
apartamento vila madalena venda	BRL	50	0%	0%	Médio	66	"1,50"	"9,12"																	
rio de janeiro apartamento	BRL	50	0%	0%	Baixo	32	"0,44"	"7,28"																	
apartamento alugar pompeia	BRL	500	0%	0%	Alto	80	"0,40"	"2,23"																	
venda apartamento itaim bibi	BRL	50	0%	0%	Alto	82	"1,57"	"10,19"																	
apartamento para alugar vila mariana são paulo	BRL	500	0%	0%	Alto	80	"0,34"	"2,31"																	
comprar casa em florianopolis	BRL	50	0%	0%	Médio	61	"0,11"	"1,16"																	
apartamento para alugar em são paulo capital	BRL	50	0%	0%	Alto	85	"0,88"	"3,76"																	
imoveis aluguel rj	BRL	50	0%	0%	Alto	77	"0,17"	"1,72"																	
apartamento vila mariana são paulo	BRL	50	0%	-90%	Alto	77	"1,11"	"5,59"																	
aluguel sao paulo pinheiros	BRL	500	0%	900%	Alto	81	"0,45"	"3,31"																	
aluguel apartamento bela vista sao paulo	BRL	50	0%	0%	Alto	86	"0,39"	"2,71"																	
anuncio zap imoveis	BRL	50	0%	0%	Médio	58	"1,37"	"10,61"																	
rio de janeiro apartamento para alugar	BRL	50	0%	0%	Alto	75	"0,28"	"2,23"																	
apartamento para venda vila mariana	BRL	500	0%	0%	Alto	81	"1,01"	"5,86"																	
ap para comprar em porto alegre	BRL	0	0%	-100%	Desconhecido																				
kitnet no rio de janeiro	BRL	50	0%	0%	Médio	59	"0,26"	"1,43"																	
comprar casa em sp	BRL	50	0%	0%	Alto	75	"0,72"	"4,22"																	
apartamento para alugar na vila nova conceição	BRL	500	0%	0%	Alto	82	"0,86"	"8,92"																	
zap imóveis fortaleza venda	BRL	50	0%	-100%	Desconhecido																				
apartamento para alugar vila olimpia sp	BRL	50	0%	0%	Alto	83	"0,43"	"3,42"																	
casa alugar rio de janeiro	BRL	500	0%	0%	Alto	72	"0,25"	"1,71"																	
kit net sp	BRL	50	0%	0%	Alto	71	"0,33"	"2,88"																	
apartamento rio	BRL	50	0%	0%	Médio	49	"0,58"	"4,68"																	
apartamento vila olimpia sp	BRL	50	0%	0%	Alto	78	"0,83"	"7,85"																	
zap imoveis perdizes	BRL	50	∞	0%	Alto	86	"1,06"	"5,47"																	
imoveis venda são paulo	BRL	50	0%	0%	Alto	84	"0,91"	"5,12"																	
apartamento aluguel itaim	BRL	50	0%	-90%	Alto	81	"0,93"	"6,84"																	
apartamento para alugar em bela vista sp	BRL	500	0%	0%	Alto	79	"0,36"	"1,91"																	
apartamento locacao moema	BRL	50	0%	0%	Alto	82	"0,76"	"4,29"																	
apartamento no rio	BRL	50	0%	0%	Médio	49	"0,58"	"4,68"																	
pompeia apartamento	BRL	500	0%	0%	Alto	76	"0,77"	"4,53"																	
casas aluguel são paulo	BRL	5000	0%	0%	Alto	77	"0,43"	"1,96"																	
kitnet sao paulo alugar	BRL	500	0%	0%	Alto	71	"0,37"	"1,67"																	
comprar casa em porto alegre	BRL	50	0%	0%	Alto	86																			
imóveis à venda rio de janeiro	BRL	50	-100%	-100%	Desconhecido																				
comprar casa rj	BRL	50	0%	0%	Alto	82	"0,46"	"1,68"																	
zap rio de janeiro	BRL	50	∞	0%	Baixo	0																			
apartamentos alugar pinheiros	BRL	500	0%	0%	Alto	79	"0,66"	"4,61"																	
apartamento jardim paulista sao paulo	BRL	50	0%	0%	Alto	86	"1,65"	"11,44"																	
apartamento para comprar na bela vista	BRL	50	0%	0%	Alto	81	"0,92"	"4,93"																	
aluguel apartamento em sp	BRL	500	0%	0%	Alto	80	"0,71"	"4,41"																	
venda de imóveis em são paulo	BRL	50	0%	0%	Alto	69	"1,97"	"10,45"																	
imóveis salvador	BRL	50	0%	0%	Alto	79	"0,30"	"6,52"																	
apartamento vila madalena preço	BRL	50	∞	0%	Alto	86																			
apartamento barato em porto alegre	BRL	50	0%	-100%	Desconhecido																				
casas para venda curitiba	BRL	50	0%	0%	Médio	63	"0,19"	"0,93"																	
imoveis a venda em perdizes sp	BRL	50	0%	0%	Alto	86	"0,71"	"4,35"																	
apartamento para alugar em pinheiros são paulo	BRL	500	0%	0%	Alto	80	"0,48"	"3,30"																	
imoveis para comprar porto alegre	BRL	50	0%	0%	Alto	81	"0,65"	"8,94"																	
apartamento para alugar vila nova conceicao	BRL	500	900%	0%	Alto	82	"0,82"	"7,33"																	
apartamento kitnet	BRL	50	0%	0%	Médio	47	"0,58"	"3,20"																	
apartamentos à venda são paulo	BRL	500	0%	0%	Alto	79	"1,37"	"6,41"																	
alugar apto moema	BRL	500	900%	0%	Alto	82	"0,63"	"3,68"																	
apartamentos a venda na vila madalena	BRL	500	0%	0%	Alto	70	"0,87"	"7,20"																	
venda imoveis rj	BRL	50	∞	0%	Alto	86																			
apartamento a venda em perdizes sp	BRL	500	0%	900%	Alto	81	"0,56"	"4,75"																	
imoveis para alugar em moema	BRL	50	0%	0%	Alto	82	"1,15"	"4,73"																	
imóveis a venda em florianópolis	BRL	50	0%	0%	Alto	69	"0,36"	"1,29"																	
compra de apartamento em sao paulo	BRL	50	0%	0%	Alto	83	"3,98"	"17,99"																	
apartamento para alugar no itaim	BRL	50	900%	0%	Alto	80	"0,78"	"5,51"																	
imoveis para venda em bh	BRL	50	0%	∞	Alto	86	"0,48"	"2,34"																	
ap a venda em sao paulo	BRL	50	0%	0%	Alto	86	"2,00"	"5,62"																	
aluguel de apartamento em moema	BRL	50	0%	0%	Alto	78	"0,69"	"5,95"																	
vila mariana alugar	BRL	500	0%	0%	Alto	75	"0,34"	"2,26"																	
apartamentos a venda em são paulo capital	BRL	50	0%	0%	Alto	85	"0,61"	"3,30"																	
imóveis goiânia	BRL	50	0%	0%	Alto	86	"0,33"	"1,82"																	
imóveis porto alegre venda	BRL	50	0%	0%	Alto	86																			
imoveis a venda em santo andre	BRL	50	0%	0%	Alto	75	"0,36"	"2,92"																	
perdizes aluguel	BRL	500	0%	0%	Alto	78	"0,43"	"2,68"																	
apartamento jardim paulista venda	BRL	50	0%	0%	Alto	83	"1,34"	"6,55"																	
imóveis florianópolis venda	BRL	50	0%	0%	Alto	86	"0,25"	"2,42"																	
apartamento à venda em porto alegre	BRL	50	0%	0%	Médio	64	"0,47"	"3,06"																	
apartamentos em moema a venda	BRL	500	0%	0%	Alto	76	"1,17"	"7,12"																	
apartamento comprar em sao paulo	BRL	50	0%	0%	Alto	86	"2,92"	"8,33"																	
aluguel no itaim bibi	BRL	500	0%	0%	Alto	77	"0,38"	"4,53"																	
imoveis alugar sp	BRL	500	0%	0%	Alto	78	"0,65"	"3,39"																	
ap em são paulo	BRL	500	0%	0%	Médio	65	"1,19"	"5,78"				Y													
casas são paulo	BRL	500	0%	0%	Médio	53	"0,64"	"4,30"																	
casas para vender em curitiba	BRL	50	0%	0%	Médio	63	"0,19"	"0,93"																	
apartamento alto padrão vila nova conceição	BRL	50	0%	0%	Baixo	5																			
apartamento no itaim	BRL	500	0%	0%	Alto	79	"2,05"	"11,01"																	
apartamento em sao paulo alugar	BRL	5000	0%	0%	Alto	79	"0,61"	"3,77"																	
apartamentos em são paulo a venda	BRL	5000	0%	0%	Alto	79	"1,22"	"6,00"																	
zap imóveis curitiba aluguel	BRL	50	∞	0%	Alto	71																			
zap imoveis moema	BRL	50	0%	0%	Alto	71																			
aluguel de casas em florianopolis para morar	BRL	50	0%	0%	Desconhecido																				
apartamento para alugar na bela vista sp	BRL	500	0%	0%	Alto	79	"0,36"	"1,91"																	
apartamento comprar bela vista	BRL	500	0%	900%	Alto	83	"0,70"	"5,03"																	
casas em curitiba para comprar	BRL	50	0%	0%	Médio	59	"0,20"	"1,28"																	
novos empreendimentos rio de janeiro	BRL	50	0%	-100%	Desconhecido																				
alugar em são paulo	BRL	5000	0%	0%	Alto	79	"0,59"	"3,48"																	
venda imoveis porto alegre	BRL	50	0%	0%	Alto	86																			
zapimoveis curitiba	BRL	50	0%	0%	Baixo	18																			
apartamento em moema preço	BRL	50	0%	0%	Alto	86	"1,93"	"5,76"																	
zap imóveis bh telefone	BRL	50	0%	0%	Desconhecido																				
apartamento para alugar moema sp	BRL	500	0%	0%	Alto	80	"0,48"	"3,47"																	
kitnet em são paulo para alugar	BRL	50	0%	0%	Alto	78	"0,40"	"2,97"																	
casas em porto alegre para alugar	BRL	50	0%	0%	Médio	57																			
apartamento alugar em curitiba	BRL	500	0%	0%	Alto	71	"0,17"	"1,35"																	
casas para alugar zona norte porto alegre	BRL	50	∞	∞	Alto	86																			
vila madalena apartamento aluguel	BRL	500	0%	0%	Alto	76	"0,54"	"3,63"																	
aluguel apartamento vila olimpia sao paulo	BRL	50	0%	0%	Alto	86	"0,21"	"0,87"																	
venda apartamento sp	BRL	50	0%	0%	Alto	76	"0,47"	"11,46"																	
aluguel barato vila madalena	BRL	50	0%	0%	Alto	73	"0,65"	"5,77"																	
casas para alugar em florianópolis mensal	BRL	50	∞	∞	Alto	86																			
apartamento moema passaros	BRL	50	0%	0%	Alto	87	"2,64"	"12,39"																	
bela vista aluguel	BRL	500	0%	0%	Alto	76	"0,32"	"2,01"																	
alugar perdizes	BRL	50	0%	0%	Alto	84	"0,49"	"3,73"																	
venda apartamento pinheiros	BRL	500	0%	0%	Alto	83	"1,15"	"8,54"																	
moema apartamento aluguel	BRL	50	0%	0%	Alto	67	"0,44"	"3,28"																	
valor de apartamento no rio de janeiro	BRL	50	0%	-100%	Desconhecido																				
apartamento para alugar no rj	BRL	50	0%	0%	Alto	78	"0,29"	"2,13"																	
alugar casa em florianópolis	BRL	50	0%	-90%	Alto	78	"0,17"	"3,03"																	
apartamento vila mariana para alugar	BRL	500	900%	0%	Alto	78	"0,52"	"3,44"																	
apartamento locação itaim bibi	BRL	50	0%	0%	Alto	83	"0,56"	"8,39"																	
aluguel campo belo sp	BRL	50	0%	0%	Alto	71	"0,35"	"2,18"																	
apartamentos a venda na bela vista sp	BRL	500	0%	0%	Alto	75	"0,28"	"2,39"																	
apartamento em sao paulo barato	BRL	50	0%	0%	Alto	86																			
casas em sao paulo a venda	BRL	5000	0%	0%	Alto	76	"0,52"	"3,79"																	
casas alugar florianopolis	BRL	500	900%	0%	Alto	72	"0,17"	"2,51"																	
alugar apartamento em pinheiros sp	BRL	50	0%	0%	Alto	86																			
apartamento nas perdizes	BRL	5000	900%	0%	Alto	80	"1,02"	"6,58"																	
apartamento a venda na vila mariana sp	BRL	500	0%	0%	Alto	79	"0,88"	"3,94"																	
apartamento perdizes sp	BRL	50	0%	0%	Alto	78	"1,07"	"4,64"																	
casas para venda florianopolis	BRL	50	0%	0%	Alto	70	"0,18"	"1,24"																	
rio de janeiro aluguel	BRL	500	0%	0%	Alto	76	"0,21"	"1,90"																	
ap no rio de janeiro	BRL	50	0%	0%	Médio	61	"0,83"	"2,70"																	
apto alugar perdizes	BRL	500	900%	0%	Alto	80	"0,47"	"2,80"																	
aluguel na bela vista	BRL	500	0%	0%	Alto	76	"0,32"	"2,01"																	
apartamento para alugar em campo belo sp	BRL	50	0%	0%	Alto	79	"0,54"	"2,59"																	
aluguel em são paulo capital	BRL	50	0%	0%	Alto	73	"0,62"	"3,59"																	
ap em sp para comprar	BRL	50	0%	0%	Alto	80	"2,41"	"8,30"																	
apartamento para comprar em florianópolis	BRL	50	0%	0%	Alto	74	"0,31"	"1,76"																	
jk em porto alegre	BRL	50	0%	∞	Baixo	4																			
imóveis para comprar em porto alegre	BRL	50	0%	0%	Alto	81	"0,65"	"8,94"																	
aluguel apartamento vila mariana sp	BRL	50	0%	0%	Alto	74	"0,31"	"3,49"																	
casas em sp para alugar	BRL	50	0%	0%	Alto	70	"0,32"	"2,60"																	
casas para comprar em florianopolis	BRL	50	0%	0%	Alto	79	"0,15"	"1,08"																	
apartamento alugar rj	BRL	50	0%	0%	Alto	78	"0,29"	"2,13"																	
aluguel são paulo apartamento	BRL	5000	0%	0%	Alto	79	"0,61"	"3,77"																	
casas em florianópolis para comprar	BRL	50	0%	0%	Alto	71																			
venda de imoveis porto alegre	BRL	50	0%	0%	Desconhecido																				
apartamento florianópolis comprar	BRL	50	0%	0%	Alto	71	"0,22"	"3,25"																	
apartamento pompeia sao paulo	BRL	50	0%	0%	Alto	83	"0,66"	"3,62"																	
preço anuncio zap imoveis	BRL	50	0%	-100%	Desconhecido																				
apartamento no rj	BRL	50	0%	0%	Alto	70	"0,70"	"4,71"																	
apartamento pompéia	BRL	500	0%	0%	Alto	78	"0,28"	"4,24"																	
alugar ap em sao paulo	BRL	5000	0%	0%	Alto	79	"0,61"	"3,77"																	
apartamentos à venda em florianópolis	BRL	50	0%	0%	Alto	70	"0,20"	"2,16"																	
apartamento a venda poa	BRL	50	0%	0%	Alto	72	"0,41"	"1,83"																	
casas para alugar em rio de janeiro	BRL	500	0%	0%	Alto	72	"0,25"	"1,71"																	
kit net são paulo	BRL	500	0%	0%	Alto	72	"0,60"	"4,09"																	
apartamentos a venda em moema sao paulo	BRL	500	0%	900%	Alto	81	"0,80"	"4,37"																	
apartamento para alugar na vila mariana sp	BRL	500	0%	0%	Alto	80	"0,34"	"2,31"																	
apartamento para alugar rio de janeiro rj	BRL	50	0%	0%	Alto	86	"0,60"	"2,75"																	
aluguel apartamento pinheiros sao paulo	BRL	50	0%	0%	Alto	88	"0,91"	"4,11"																	
apartamento para alugar pinheiros são paulo	BRL	500	0%	0%	Alto	80	"0,48"	"3,30"																	
apartamento para alugar são paulo vila mariana	BRL	500	0%	0%	Alto	80	"0,34"	"2,31"																	
florianópolis aluguel apartamento	BRL	500	0%	-90%	Alto	74	"0,18"	"2,75"																	
imoveis venda sao paulo	BRL	50	0%	0%	Alto	78	"0,46"	"6,09"																	
casas para alugar em florianópolis anual	BRL	50	0%	0%	Alto	81	"0,17"	"1,15"																	
casas venda rio de janeiro	BRL	50	0%	0%	Alto	70	"0,26"	"1,74"																	
alugar imovel sao paulo	BRL	500	0%	0%	Alto	82	"0,75"	"5,23"																	
casas em são paulo para alugar	BRL	50	0%	0%	Alto	74	"0,41"	"2,03"																	
kitnet alugar rio de janeiro	BRL	50	0%	0%	Alto	71	"0,27"	"1,39"																	
aluguel de imoveis sp	BRL	50	0%	-90%	Alto	79	"0,79"	"4,20"																	
apto alugar florianopolis	BRL	500	0%	0%	Alto	72	"0,18"	"2,30"																	
kit net em sao paulo	BRL	500	0%	0%	Alto	73	"0,51"	"3,05"																	
apartamento vila mariana a venda	BRL	50	0%	0%	Alto	79	"0,27"	"2,67"																	
apartamento à venda sp	BRL	500	0%	0%	Alto	78	"0,94"	"5,13"																	
aluguel de apartamento vila olimpia	BRL	50	0%	0%	Alto	81	"0,33"	"1,60"																	
apartamento itaim bibi para alugar	BRL	50	0%	∞	Alto	86	"0,54"	"5,57"																	
casa comprar curitiba	BRL	50	0%	0%	Alto	69	"0,28"	"1,33"																	
apartamentos usados a venda	BRL	50	0%	0%	Alto	80	"0,96"	"5,39"																	
apartamento bela vista sp venda	BRL	50	0%	0%	Alto	80	"0,34"	"2,76"																	
apartamento pinheiros são paulo	BRL	50	0%	-90%	Alto	74	"0,97"	"6,79"																	
aluguel de apartamento moema	BRL	50	0%	0%	Alto	78	"0,69"	"5,95"																	
imóveis brasília	BRL	50	0%	0%	Alto	73	"0,27"	"2,11"																	
valor de aluguel de apartamento em sao paulo	BRL	50	0%	0%	Médio	63	"0,17"	"36,83"																	
apartamento a venda campo belo sp	BRL	50	900%	0%	Alto	81	"0,59"	"5,04"																	
ap a venda em porto alegre	BRL	50	-100%	0%	Desconhecido																				
apartamento vila olímpia	BRL	50	0%	0%	Médio	38	"0,72"	"3,81"																	
aluguel apartamento em pinheiros	BRL	500	0%	0%	Alto	79	"0,66"	"4,61"																	
apartamento sao paulo bela vista	BRL	500	0%	0%	Médio	57	"0,49"	"3,65"																	
apartamento em sao paulo venda	BRL	500	0%	0%	Alto	79	"1,37"	"6,41"																	
apartamentos a venda porto alegre rs	BRL	50	0%	0%	Alto	83	"0,49"	"2,69"																	
apartamento bela vista venda	BRL	50	900%	900%	Alto	80	"0,55"	"4,18"																	
apartamento em florianópolis aluguel	BRL	50	0%	-100%	Desconhecido																				
apartamento a venda vila madalena sao paulo	BRL	50	0%	0%	Alto	81	"1,66"	"14,99"																	
kitnet aluguel são paulo	BRL	500	0%	0%	Alto	71	"0,37"	"1,67"																	
casa venda florianópolis	BRL	50	0%	0%	Alto	70	"0,18"	"1,24"																	
compra de apartamento em curitiba	BRL	50	0%	0%	Desconhecido																				
alugar imóveis em são paulo	BRL	50	0%	0%	Alto	83	"0,67"	"3,88"																	
aluguel de kitnet curitiba	BRL	50	0%	0%	Médio	64																			
comprar casa no rio de janeiro	BRL	50	0%	0%	Alto	77	"0,31"	"1,50"																	
aluguel de ap em sao paulo	BRL	500	0%	0%	Alto	80	"0,72"	"4,86"																	
apartamento para alugar perdizes sp	BRL	500	0%	900%	Alto	78	"0,33"	"2,79"																	
curitiba casas a venda	BRL	500	0%	0%	Médio	64	"0,16"	"0,94"																	
procurar apartamento para alugar	BRL	50	0%	0%	Alto	73	"0,97"	"2,69"																	
casas comprar são paulo	BRL	500	0%	0%	Alto	77	"0,75"	"4,84"																	
apartamento sao paulo a venda	BRL	5000	0%	0%	Alto	79	"1,22"	"6,00"																	
aluguel vila olimpia sao paulo	BRL	50	0%	0%	Alto	76	"0,31"	"3,46"																	
apartamentos para alugar em moema sp	BRL	50	0%	0%	Alto	79	"0,38"	"3,33"																	
apartamentos à venda em moema	BRL	500	0%	0%	Alto	80	"1,40"	"8,79"																	
imovel santo andre	BRL	500	0%	0%	Alto	86	"0,60"	"2,96"																	
aluguel zap imoveis	BRL	500	0%	0%	Médio	53	"0,33"	"1,97"																	
aluguel apartamento em são paulo	BRL	50	0%	0%	Alto	84	"0,83"	"4,10"																	
apartamento venda em sao paulo	BRL	500	0%	0%	Alto	79	"1,37"	"6,41"																	
apartamento em pompeia sp	BRL	50	0%	0%	Alto	86	"0,23"	"3,21"																	
aptos a venda em porto alegre	BRL	50	∞	0%	Alto	71																			
imoveis a venda brasilia	BRL	50	0%	0%	Médio	65	"0,50"	"2,11"																	
casa comprar porto alegre	BRL	50	0%	0%	Alto	79	"0,49"	"2,93"																	
comprar apto são paulo	BRL	5000	900%	0%	Alto	82	"1,96"	"9,66"																	
apartamento venda rj	BRL	50	0%	0%	Alto	79																			
apartamento planta rj	BRL	50	0%	0%	Alto	79	"2,70"	"11,28"																	
apartamento sp venda	BRL	500	0%	0%	Alto	78	"0,94"	"5,13"																	
comprar apartamento pinheiros sp	BRL	50	0%	0%	Alto	85	"1,21"	"11,02"																	
casas para vender em sao paulo	BRL	500	0%	0%	Alto	74	"0,58"	"3,74"																	
apartamento para alugar floripa	BRL	50	0%	0%	Alto	82	"0,14"	"1,68"																	
apartamento em pinheiros alugar	BRL	50	0%	∞	Alto	80	"0,10"	"3,69"																	
apartamento a venda bela vista são paulo	BRL	50	0%	0%	Alto	79																			
aluguel florianópolis mensal	BRL	50	∞	0%	Alto	71																			
casas alugar rio de janeiro	BRL	500	0%	0%	Alto	72	"0,25"	"1,71"																	
curitiba apartamento para alugar	BRL	50	0%	0%	Alto	74	"0,17"	"1,19"																	
imoveis moema venda	BRL	50	0%	0%	Alto	90	"1,82"	"6,56"																	
aluguel de um apartamento	BRL	500	0%	0%	Alto	73	"0,56"	"3,83"																	
apartamento à venda vila mariana	BRL	50	0%	0%	Alto	81	"0,59"	"3,72"																	
apartamento grande sao paulo	BRL	50	0%	0%	Alto	86																			
alugar apartamento bela vista sp	BRL	500	0%	0%	Alto	78	"0,30"	"2,00"																	
venda de imoveis em sp	BRL	50	0%	0%	Alto	72	"0,35"	"9,24"																	
apartamentos em são paulo aluguel	BRL	50	0%	0%	Alto	76	"0,17"	"1,24"																	
apartamento para alugar no bela vista	BRL	500	0%	0%	Alto	78	"0,47"	"2,64"																	
apartamentos sao paulo venda	BRL	500	0%	0%	Alto	79	"1,37"	"6,41"																	
florianopolis apartamento alugar	BRL	500	0%	-90%	Alto	74	"0,18"	"2,75"																	
apartamento em perdizes a venda	BRL	500	0%	0%	Alto	77	"0,92"	"6,16"																	
apartamentos a venda em poa	BRL	50	0%	0%	Alto	72	"0,41"	"1,83"																	
apartamento a venda moema passaros	BRL	50	0%	0%	Alto	73	"2,92"	"12,25"																	
apartamento a venda vila olimpia sp	BRL	50	0%	0%	Alto	83	"0,63"	"4,12"																	
kit net em sp	BRL	50	0%	0%	Alto	78	"0,50"	"2,95"																	
kitnet rj	BRL	50	0%	0%	Médio	44	"0,13"	"0,90"																	
locacao vila mariana	BRL	50	0%	0%	Alto	82	"0,64"	"3,70"																	
casa para alugar no rj	BRL	50	0%	0%	Alto	69	"0,26"	"1,66"																	
apartamentos são paulo alugar	BRL	5000	0%	0%	Alto	79	"0,61"	"3,77"																	
zap imoveis preço anuncio	BRL	50	0%	-100%	Desconhecido																				
casas para comprar em florianópolis	BRL	50	0%	0%	Alto	71	"0,12"	"2,08"																	
apartamento bela vista alugar	BRL	500	0%	0%	Alto	78	"0,47"	"2,64"																	
quitinete para alugar	BRL	500	0%	900%	Médio	56	"0,35"	"2,35"																	
apartamento a venda em florianópolis sc	BRL	50	0%	0%	Alto	78	"0,20"	"1,74"																	
imóveis em brasília	BRL	50	0%	0%	Alto	75	"0,35"	"2,71"																	
comprar casas porto alegre	BRL	50	0%	0%	Alto	86																			
venda de apartamento rj	BRL	50	0%	-100%	Desconhecido																				
pacote de anuncios zap imoveis	BRL	50	0%	0%	Alto	79																			
apartamentos alugar rio de janeiro	BRL	50	0%	0%	Alto	80	"0,34"	"3,04"																	
casa venda sp	BRL	500	-90%	-90%	Alto	67	"0,53"	"3,18"																	
apartamento alugar em sp	BRL	5000	900%	0%	Alto	79	"0,62"	"3,95"																	
apartamento à venda em moema	BRL	500	0%	0%	Alto	80	"1,40"	"8,79"																	
loft preço	BRL	50	0%	0%	Médio	35	"0,21"	"1,77"																	
apartamento em pinheiros são paulo	BRL	50	0%	-90%	Alto	74	"0,97"	"6,79"																	
apartamento para alugar vila pompeia sp	BRL	50	-100%	0%	Desconhecido																				
venda de imoveis df	BRL	50	0%	-100%	Desconhecido																				
apartamento para alugar em vila mariana sp	BRL	500	0%	0%	Alto	80	"0,34"	"2,31"																	
venda de apartamento rio de janeiro	BRL	50	0%	∞	Alto	86	"0,50"	"3,90"																	
kit net alugar	BRL	50	0%	0%	Alto	75	"0,25"	"1,60"																	
kitnet sp aluguel	BRL	500	0%	0%	Alto	69	"0,32"	"1,61"																	
apartamento em bela vista sp	BRL	50	0%	0%	Alto	81	"1,33"	"6,01"																	
aluguel de apartamento bela vista sp	BRL	50	0%	0%	Alto	86	"0,58"	"2,08"																	
alugar apartamento na vila mariana	BRL	50	0%	0%	Alto	78	"0,44"	"5,34"																	
comprar apto curitiba	BRL	50	0%	0%	Alto	77	"0,20"	"2,49"																	
imoveis a venda em moema	BRL	50	0%	0%	Alto	85	"1,59"	"10,22"																	
compra de apartamento em porto alegre	BRL	50	∞	∞	Alto	86	"0,62"	"2,78"																	
compra de casas rj	BRL	50	-100%	0%	Desconhecido																				
site de imoveis rj	BRL	50	-100%	-100%	Desconhecido																				
apto vila olimpia alugar	BRL	50	0%	0%	Alto	82	"0,63"	"3,79"																	
imoveis para alugar em pinheiros	BRL	50	0%	0%	Alto	82	"0,70"	"5,22"																	
apartamento vila pompeia	BRL	50	0%	0%	Alto	82	"0,69"	"3,96"																	
apartamento a venda jardim paulista sp	BRL	50	0%	0%	Alto	84	"0,55"	"4,03"																	
casa rj	BRL	50	0%	0%	Médio	45	"0,31"	"2,08"																	
apartamento para alugar perdizes 3 quartos	BRL	50	0%	0%	Alto	82	"0,41"	"1,57"																	
apartamentos a venda em curitiba até 150 mil	BRL	50	-100%	-100%	Desconhecido																				
aluguel apartamento sao paulo itaim bibi	BRL	50	0%	0%	Médio	57																			
casas para alugar até 1000 reais sp	BRL	50	0%	0%	Médio	60	"0,50"	"1,48"																	
apartamento 2 quartos moema aluguel	BRL	50	0%	0%	Alto	86	"0,83"	"2,94"																	
apartamento de luxo em moema	BRL	50	0%	0%	Alto	88	"0,94"	"6,38"																	
imóveis a venda em recife	BRL	50	0%	0%	Alto	79	"0,20"	"2,35"																	
apartamento para alugar bela vista sao paulo	BRL	50	0%	-90%	Alto	81	"0,60"	"3,10"																	
alugar casa florianópolis	BRL	50	0%	0%	Médio	51	"0,17"	"0,78"																	
alugar apartamento perto de mim	BRL	50	0%	-90%	Alto	78	"0,50"	"2,88"																	
casa alugar rj	BRL	50	0%	0%	Alto	69	"0,26"	"1,66"																	
casa para comprar sao paulo	BRL	5000	0%	0%	Alto	77	"0,80"	"4,61"																	
ap em pinheiros	BRL	50	0%	0%	Alto	84	"0,77"	"3,43"																	
imoveis df venda	BRL	50	0%	0%	Alto	79																			
aluguel de apartamento pinheiros	BRL	50	0%	0%	Alto	82	"0,82"	"5,63"																	
casas a venda em porto alegre rs	BRL	50	0%	0%	Alto	71																			
apartamento para locação em curitiba	BRL	50	0%	0%	Alto	73	"0,41"	"1,58"																	
venda de casas porto alegre	BRL	50	-100%	0%	Desconhecido																				
apartamento para alugar no rio	BRL	50	0%	0%	Alto	78	"0,62"	"4,59"																	
venda imoveis belo horizonte	BRL	50	0%	0%	Alto	71																			
imoveis a venda recife	BRL	50	0%	0%	Alto	79	"0,20"	"2,35"																	
venda de apartamento sp	BRL	50	0%	0%	Alto	86	"0,56"	"3,78"																	
apartamentos em perdizes para alugar	BRL	50	0%	0%	Alto	81	"0,60"	"3,25"																	
apartamento para locação em são paulo	BRL	500	900%	0%	Alto	78	"0,78"	"3,70"																	
aluguel de apartamento itaim bibi	BRL	50	0%	0%	Alto	71	"1,05"	"3,62"																	
locacao moema	BRL	50	0%	0%	Alto	85	"1,05"	"5,72"																	
aluguel em vila mariana	BRL	500	0%	0%	Alto	75	"0,34"	"2,26"																	
zap imoveis porto alegre rs	BRL	50	0%	-100%	Desconhecido																				
ap sao paulo aluguel	BRL	500	0%	0%	Alto	76	"0,48"	"3,68"																	
apto a venda pompeia sp	BRL	50	0%	0%	Alto	75	"0,33"	"3,31"																	
sao paulo apartamento alugar	BRL	50	0%	0%	Médio	39	"0,17"	"2,21"																	
curitiba casas para alugar	BRL	50	0%	0%	Alto	75	"0,17"	"1,18"																	
comprar imovel santo andre	BRL	50	0%	0%	Alto	86																			
casa individual para alugar	BRL	500	-90%	-90%	Alto	72	"0,37"	"1,46"																	
apartamento para alugar curitiba pr	BRL	50	0%	0%	Alto	78	"0,17"	"1,06"																	
alugar vila olimpia	BRL	50	0%	0%	Alto	78	"0,50"	"2,75"																	
zap anuncios imoveis	BRL	50	0%	-100%	Desconhecido																				
imoveis locação são paulo	BRL	50	0%	0%	Alto	86	"0,59"	"5,01"																	
porto alegre apartamento	BRL	50	0%	0%	Médio	50	"0,23"	"2,76"																	
alugar kitnet em sao paulo	BRL	500	0%	0%	Alto	74	"0,43"	"1,60"																	
imoveis em recife	BRL	50	0%	0%	Médio	57	"0,23"	"5,62"																	
casa para alugar individual	BRL	50	0%	0%	Alto	74	"0,37"	"1,46"																	
alugar ap sao paulo	BRL	5000	0%	0%	Alto	79	"0,61"	"3,77"																	
apartamento em porto alegre venda	BRL	50	0%	0%	Médio	64	"0,47"	"3,06"																	
florianópolis apartamento aluguel	BRL	500	0%	-90%	Alto	74	"0,18"	"2,75"																	
aluguel barato em porto alegre	BRL	50	-100%	0%	Desconhecido																				
aluguel apartamento em florianopolis	BRL	500	0%	-90%	Alto	74	"0,18"	"2,75"																	
aluguel apartamento em moema	BRL	50	0%	0%	Alto	81	"0,25"	"7,19"																	
apartamentos novos para alugar em sao paulo	BRL	50	0%	0%	Alto	86	"0,70"	"4,03"																	
imoveis a venda em brasilia	BRL	50	0%	0%	Médio	65	"0,50"	"2,11"																	
casas para alugar em são paulo capital	BRL	50	0%	0%	Médio	57	"0,31"	"1,35"																	
apartamento na vila mariana para alugar	BRL	500	900%	0%	Alto	78	"0,52"	"3,44"																	
zap imóveis santo andré	BRL	50	0%	0%	Médio	57	"0,29"	"0,72"																	
apartamento à venda em pinheiros	BRL	500	0%	0%	Alto	83	"1,15"	"8,54"																	
alugar apto itaim bibi	BRL	50	0%	0%	Alto	85	"1,60"	"7,77"																	
apartamento à venda porto alegre	BRL	50	0%	0%	Desconhecido																				
aluguel casa floripa	BRL	50	0%	0%	Alto	86	"0,32"	"3,86"																	
apartamento venda pinheiros sp	BRL	50	0%	0%	Alto	86	"1,44"	"5,44"																	
apartamento florianopolis comprar	BRL	50	0%	0%	Alto	71	"0,22"	"3,25"																	
apartamento para alugar em vila olimpia sp	BRL	50	0%	0%	Alto	83	"0,43"	"3,42"																	
apartamentos curitiba comprar	BRL	50	0%	0%	Alto	71	"0,48"	"4,14"																	
apartamento em perdizes para comprar	BRL	500	900%	0%	Alto	83	"1,94"	"9,86"																	
brasilia imoveis	BRL	50	0%	0%	Médio	59	"0,64"	"2,92"																	
casas novas a venda em curitiba	BRL	50	0%	0%	Alto	71																			
apartamento campo belo sp	BRL	50	0%	0%	Alto	68	"1,27"	"7,54"																	
venda de casas em curitiba	BRL	50	0%	0%	Alto	69	"0,42"	"0,88"																	
apartamento para alugar em campo belo	BRL	500	0%	0%	Alto	80	"0,53"	"2,99"																	
procurar apartamento	BRL	50	0%	0%	Alto	75	"1,08"	"5,50"																	
aluguel apartamento sao paulo pinheiros	BRL	50	0%	0%	Alto	79	"0,66"	"4,78"																	
comprar apartamento florianópolis	BRL	50	0%	0%	Alto	86																			
apartamento em campo belo sp	BRL	50	0%	0%	Alto	68	"1,27"	"7,54"																	
alugar apartamento vila olimpia sp	BRL	50	0%	0%	Alto	71	"0,20"	"1,17"																	
apartamento itaim bibi preço	BRL	50	0%	0%	Alto	75	"1,54"	"4,50"																	
aluguel de imoveis sao paulo	BRL	500	0%	0%	Alto	79	"0,78"	"5,06"																	
imoveis a venda em moema sp	BRL	50	0%	0%	Alto	86	"0,90"	"3,94"																	
apartamento venda itaim	BRL	50	0%	0%	Alto	85	"2,63"	"18,17"																	
aptos a venda em curitiba	BRL	50	∞	0%	Alto	71	"0,17"	"2,30"																	
vila mariana apartamento aluguel	BRL	50	0%	0%	Alto	71	"0,38"	"2,26"																	
apartamento a venda em vila mariana	BRL	500	0%	-90%	Alto	76	"0,83"	"4,30"																	
apartamento alugar vila nova conceicao	BRL	50	0%	0%	Alto	88	"1,29"	"9,68"																	
zap imóveis aluguel rio de janeiro	BRL	50	0%	∞	Médio	50																			
campo belo aluguel	BRL	500	0%	0%	Alto	75	"0,40"	"2,64"																	
apartamento em sp venda	BRL	500	0%	0%	Alto	78	"0,94"	"5,13"																	
apartamento para venda em sp	BRL	500	0%	0%	Alto	78	"0,94"	"5,13"																	
preço de apartamento em curitiba	BRL	50	0%	-100%	Desconhecido																				
venda de apartamento em são paulo	BRL	50	0%	0%	Alto	86	"2,43"	"13,41"				Y													
zap imoveis pinheiros	BRL	50	0%	0%	Alto	73	"1,38"	"4,23"																	
apartamento sao paulo vila olimpia	BRL	50	0%	0%	Alto	89	"0,20"	"5,41"																	
imoveis comprar porto alegre	BRL	50	0%	0%	Alto	81	"0,65"	"8,94"																	
apartamento bela vista sp aluguel	BRL	500	0%	0%	Alto	78	"0,30"	"2,00"																	
pinheiros aluguel apartamento	BRL	500	0%	0%	Alto	79	"0,66"	"4,61"																	
apartamento para alugar em moema são paulo	BRL	500	0%	0%	Alto	80	"0,48"	"3,47"																	
venda apartamento campo belo	BRL	500	0%	0%	Alto	80	"1,23"	"7,51"																	
imoveis a venda pinheiros	BRL	50	0%	0%	Alto	79	"2,31"	"12,50"																	
apartamentos alugar moema	BRL	5000	0%	-90%	Alto	80	"0,55"	"3,87"																	
kitnet alugar sp	BRL	500	0%	0%	Alto	69	"0,32"	"1,61"																	
telefone zap imóveis rj	BRL	0	0%	0%	Desconhecido																				
apartamento floripa aluguel	BRL	50	0%	0%	Alto	82	"0,14"	"1,68"																	
perdizes apartamento aluguel	BRL	500	0%	0%	Alto	71	"0,40"	"2,84"																	
apartamento locacao vila mariana	BRL	50	0%	0%	Alto	79	"0,59"	"2,51"																	
apartamento para alugar jardim paulista sp	BRL	50	0%	0%	Alto	86	"0,17"	"2,47"																	
apartamento em são paulo preço	BRL	50	0%	0%	Médio	45	"1,50"	"4,38"																	
kitnet em sao paulo alugar	BRL	50	0%	0%	Alto	81	"0,35"	"1,54"																	
aluguel de quitinetes	BRL	50	0%	0%	Médio	56	"0,26"	"1,19"																	
apartamento são paulo venda	BRL	500	0%	0%	Alto	79	"1,37"	"6,41"				Y													
casa para comprar rj	BRL	50	0%	0%	Alto	69	"0,24"	"3,51"																	
apartamento a venda perdizes sp	BRL	500	0%	900%	Alto	81	"0,56"	"4,75"																	
comprar casa rio de janeiro brasil	BRL	0	0%	0%	Desconhecido																				
apartamento a venda em rio de janeiro	BRL	50	900%	900%	Alto	76	"0,32"	"3,60"																	
apartamento para vender na vila mariana	BRL	500	0%	0%	Alto	81	"1,01"	"5,86"																	
aluguel na vila madalena	BRL	500	0%	0%	Alto	73	"0,42"	"3,02"																	
casas em são paulo para comprar	BRL	50	0%	0%	Médio	58	"0,26"	"4,35"																	
kitnets sao paulo	BRL	500	0%	0%	Alto	73	"0,51"	"3,05"																	
apartamento alugar florianópolis	BRL	500	0%	0%	Alto	72	"0,18"	"2,30"																	
apartamento locação pinheiros	BRL	50	0%	0%	Alto	86	"0,81"	"4,04"																	
venda de imoveis bh	BRL	50	0%	-100%	Desconhecido																				
apartamento à venda na vila mariana	BRL	500	0%	0%	Alto	81	"1,01"	"5,86"																	
imoveis para alugar pinheiros	BRL	50	0%	0%	Alto	82	"0,70"	"5,22"																	
alugar em moema	BRL	500	0%	0%	Alto	77	"0,45"	"3,41"																	
apto alugar campo belo	BRL	500	0%	0%	Alto	80	"0,53"	"2,99"																	
casa a venda em floripa	BRL	50	0%	0%	Alto	72	"0,19"	"1,12"																	
imoveis para alugar bela vista	BRL	50	0%	0%	Alto	77	"0,41"	"2,77"																	
jk a venda em porto alegre	BRL	50	0%	∞	Baixo	0																			
casa para comprar rio de janeiro	BRL	50	0%	0%	Alto	67	"0,46"	"2,63"																	
apartamento alugar perto de mim	BRL	50	0%	0%	Alto	67	"0,49"	"2,20"																	
apartamento de são paulo	BRL	50	0%	0%	Médio	40	"1,50"	"3,16"				Y													
casas para alugar curitiba pr	BRL	500	0%	0%	Alto	71	"0,17"	"0,90"																	
aluguel zap	BRL	50	0%	-90%	Médio	43	"0,33"	"2,13"																	
zap imoveis valor anuncio	BRL	50	0%	0%	Baixo	14																			
apartamentos alugar vila olimpia	BRL	500	0%	0%	Alto	80	"0,51"	"4,02"																	
apartamento são paulo capital	BRL	50	0%	0%	Médio	64	"1,67"	"6,79"																	
apartamento pompeia venda	BRL	500	900%	900%	Alto	81	"0,83"	"4,45"																	
imoveis no df	BRL	50	0%	0%	Médio	63	"0,40"	"1,89"																	
apartamento campo belo sp alugar	BRL	50	-100%	-100%	Desconhecido																				
anuncio gratis zap imoveis	BRL	50	0%	0%	Alto	73	"1,64"	"4,76"																	
apartamento vila olímpia sp alugar	BRL	50	-100%	-100%	Desconhecido																				
apartamentos a venda em são paulo sp	BRL	50	0%	0%	Alto	85	"0,53"	"4,17"																	
zap imoveis cadastro	BRL	50	0%	∞	Médio	52																			
sao paulo alugar apartamento	BRL	5000	0%	0%	Alto	79	"0,61"	"3,77"																	
kitnet centro porto alegre	BRL	50	∞	∞	Médio	64																			
apartamento aluguel pompeia	BRL	500	0%	0%	Alto	80	"0,40"	"2,23"																	
kitnet são paulo alugar	BRL	500	0%	0%	Alto	71	"0,37"	"1,67"																	
jk alugar porto alegre	BRL	50	0%	∞	Baixo	29	"0,19"	"0,99"																	
apartamento vila nova conceição preço	BRL	50	0%	0%	Alto	71	"1,66"	"4,21"																	
ap alugar sp	BRL	500	0%	0%	Alto	80	"0,71"	"4,41"																	
venda apartamento vila olimpia	BRL	50	0%	0%	Alto	80	"1,18"	"6,80"																	
alugar apto vila madalena	BRL	50	0%	0%	Médio	57																			
apartamento moema a venda	BRL	50	0%	0%	Alto	68	"1,41"	"9,06"																	
apartamentos para alugar bela vista sao paulo	BRL	50	0%	-90%	Alto	81	"0,60"	"3,10"																	
locação itaim bibi	BRL	50	0%	0%	Alto	75	"1,75"	"11,25"																	
alugar apartamentos são paulo	BRL	50	0%	0%	Alto	84	"0,83"	"4,10"																	
apartamento para alugar vila olimpia sao paulo	BRL	50	0%	0%	Alto	83	"0,43"	"3,42"																	
imoveis para vender em porto alegre	BRL	50	0%	0%	Alto	86																			
imoveis para venda porto alegre	BRL	50	0%	0%	Alto	86																			
imoveis para alugar na bela vista sp	BRL	50	0%	0%	Médio	47	"0,11"	"2,63"																	
aluguel de apartamento em florianópolis	BRL	50	0%	0%	Alto	79	"0,04"	"1,07"																	
apartamento novo florianopolis	BRL	50	0%	0%	Baixo	29																			
apartamento para alugar perdizes são paulo	BRL	500	0%	900%	Alto	78	"0,33"	"2,79"																	
sao paulo apartamento para alugar	BRL	50	0%	∞	Alto	86	"0,17"	"6,19"																	
locação de apartamento em curitiba	BRL	50	-100%	-100%	Desconhecido																				
aluguel apartamento vila nova conceicao	BRL	500	900%	0%	Alto	82	"0,82"	"7,33"																	
compra de casas em são paulo	BRL	50	0%	∞	Alto	86																			
casas à venda em porto alegre até 200 mil	BRL	50	∞	0%	Alto	71																			
aluguel de casa florianópolis	BRL	50	0%	0%	Alto	84	"0,26"	"2,99"																	
locação vila nova conceição	BRL	50	0%	0%	Alto	80	"1,19"	"7,76"																	
jk centro porto alegre	BRL	0	0%	0%	Desconhecido																				
apartamento venda florianópolis	BRL	50	0%	0%	Alto	86																			
apartamento alugar perdizes 2 dormitorios	BRL	50	0%	0%	Alto	86																			
imoveis em sp para alugar	BRL	50	0%	0%	Alto	86	"1,54"	"5,70"																	
apartamento vila madalena sp	BRL	50	0%	0%	Alto	86																			
aluguel mensal em florianópolis	BRL	50	-100%	-100%	Desconhecido																				
aluguel casa em curitiba	BRL	50	0%	0%	Alto	77	"0,17"	"1,17"																	
comprar casa em florianópolis	BRL	50	0%	0%	Médio	57																			
apartamento locação perdizes	BRL	50	0%	0%	Alto	74	"0,76"	"3,13"																	
apartamento a venda vila olimpia sao paulo	BRL	50	0%	0%	Alto	75	"0,80"	"3,31"																	
apartamento para alugar em sao paulo pinheiros	BRL	50	0%	0%	Alto	93																			
imóveis em goiânia	BRL	50	0%	0%	Alto	86	"0,33"	"1,82"																	
vila olímpia apartamento	BRL	500	0%	0%	Alto	71	"0,92"	"5,62"																	
apartamento perdizes alugar	BRL	500	900%	0%	Alto	80	"0,47"	"2,80"																	
jk para alugar porto alegre	BRL	50	0%	∞	Baixo	29	"0,19"	"0,99"																	
apartamento barato curitiba	BRL	50	0%	0%	Alto	71	"0,58"	"1,53"																	
imoveis para alugar perdizes	BRL	50	0%	0%	Alto	79	"0,87"	"4,72"																	
jk aluguel porto alegre	BRL	50	0%	∞	Baixo	29	"0,19"	"0,99"																	
aluguel bela vista são paulo	BRL	500	0%	0%	Alto	78	"0,40"	"2,45"																	
apartamento venda moema sp	BRL	50	0%	0%	Alto	67	"1,73"	"7,11"																	
apartamentos em moema aluguel	BRL	50	0%	0%	Alto	72	"0,86"	"5,26"																	
apartamentos em porto alegre para vender	BRL	50	0%	-100%	Desconhecido																				
apartamento vila olimpia comprar	BRL	50	0%	0%	Alto	84	"1,47"	"8,45"																	
venda imoveis são paulo	BRL	50	0%	0%	Alto	78	"0,46"	"6,09"																	
sao paulo apartamento a venda	BRL	50	0%	0%	Alto	86	"2,15"	"8,07"																	
apartamentos em curitiba comprar	BRL	50	0%	0%	Alto	86	"0,49"	"4,22"																	
apartamento florianopolis venda	BRL	50	0%	0%	Alto	70	"0,20"	"2,16"																	
aluguel são paulo capital	BRL	50	0%	0%	Alto	86	"1,02"	"4,17"																	
vila olimpia aluguel apartamento	BRL	50	0%	0%	Alto	86	"0,40"	"1,81"																	
apartamento porto alegre a venda	BRL	50	0%	0%	Alto	80	"0,33"	"1,84"																	
casas baratas para alugar em florianópolis	BRL	50	0%	-100%	Desconhecido																				
apartamento em rio de janeiro para alugar	BRL	50	0%	0%	Alto	75	"0,28"	"2,23"																	
alugar apartamento na bela vista sp	BRL	500	0%	0%	Alto	78	"0,30"	"2,00"																	
apartamento 1 quarto vila olímpia aluguel	BRL	50	-100%	-100%	Desconhecido																				
imoveis a venda moema	BRL	50	0%	0%	Alto	85	"1,59"	"10,22"																	
casas terreas a venda em curitiba	BRL	50	-100%	-100%	Desconhecido																				
aluguel apartamento moema sao paulo	BRL	50	0%	0%	Alto	82	"0,64"	"4,59"																	
apartamento para alugar em pinheiros sao paulo	BRL	500	0%	0%	Alto	80	"0,48"	"3,30"																	
alugar apto vila olimpia	BRL	50	0%	0%	Alto	86	"0,39"	"4,21"																	
apartamento em vila madalena	BRL	500	0%	0%	Médio	62	"1,19"	"7,75"																	
apartamentos a venda em curitiba até 200 mil	BRL	50	∞	0%	Alto	86																			
aluguel vila olimpia sp	BRL	50	0%	0%	Alto	76	"0,31"	"3,46"																	
apartamento para alugar pinheiros sao paulo	BRL	500	0%	0%	Alto	80	"0,48"	"3,30"																	
aluguel apartamento sao paulo vila nova conceicao	BRL	50	0%	0%	Alto	86	"1,04"	"8,21"																	
locação apartamento pinheiros	BRL	50	0%	0%	Alto	86	"0,81"	"4,04"																	
casas a venda em rio de janeiro	BRL	50	0%	0%	Médio	65	"0,20"	"0,96"																	
locação são paulo	BRL	500	900%	900%	Médio	51	"0,70"	"3,52"																	
apartamento para alugar na vila olimpia sp	BRL	50	0%	0%	Alto	83	"0,43"	"3,42"																	
kitnet alugar porto alegre	BRL	50	0%	0%	Alto	69	"0,18"	"1,36"																	
www zapimoveis com br sp	BRL	50	0%	0%	Médio	66	"0,26"	"4,04"																	
apartamento para alugar vila olímpia	BRL	50	0%	0%	Alto	75	"0,53"	"3,04"																	
florianopolis apartamento	BRL	500	0%	-90%	Alto	70	"0,19"	"3,13"																	
casas para alugar na zona norte de porto alegre	BRL	50	0%	-100%	Desconhecido																				
apartamento em curitiba para venda	BRL	50	0%	0%	Alto	76	"0,18"	"1,27"																	
aluguel de apartamento em moema sp	BRL	50	0%	0%	Alto	86	"1,73"	"6,63"																	
casas para venda no rio de janeiro	BRL	50	0%	0%	Alto	70	"0,26"	"1,74"																	
casas em porto alegre para comprar	BRL	50	0%	0%	Desconhecido																				
apartamentos alugar vila madalena	BRL	500	0%	0%	Alto	80	"0,40"	"2,93"																	
apartamento em porto alegre comprar	BRL	50	0%	0%	Alto	77	"0,30"	"2,36"																	
imoveis venda belo horizonte	BRL	50	0%	0%	Alto	71																			
apto venda bela vista sp	BRL	50	0%	0%	Alto	80	"0,34"	"2,76"																	
aluguel de kitnet porto alegre	BRL	50	0%	∞	Baixo	29																			
venda apartamento vila madalena	BRL	50	0%	0%	Alto	82	"1,05"	"6,92"																	
casas para alugar em santa catarina florianópolis	BRL	50	0%	0%	Médio	39																			
site de imoveis df	BRL	50	0%	0%	Desconhecido																				
apartamento sao paulo preço	BRL	50	-100%	-100%	Desconhecido																				
apartamento para alugar vila madalena sao paulo	BRL	50	0%	0%	Alto	73	"0,36"	"2,92"																	
aluguel em itaim bibi	BRL	500	0%	0%	Alto	77	"0,38"	"4,53"																	
rio de janeiro aluguel apartamento	BRL	500	0%	0%	Alto	79	"0,28"	"3,28"																	
apartamento bela vista são paulo	BRL	500	0%	0%	Médio	57	"0,49"	"3,65"																	
apartamento em são paulo para vender	BRL	50	∞	0%	Alto	86	"0,53"	"3,68"																	
apartamento venda em curitiba	BRL	50	∞	0%	Médio	57																			
comprar apartamento na planta rj	BRL	50	0%	0%	Desconhecido																				
apartamento na vila olimpia para alugar	BRL	50	0%	0%	Alto	75	"0,53"	"3,04"																	
aluguel imoveis pinheiros	BRL	50	0%	0%	Alto	86	"0,72"	"3,51"																	
apartamento à venda rio de janeiro	BRL	50	0%	0%	Alto	79	"0,64"	"4,68"																	
apartamento para alugar em sao paulo bela vista	BRL	50	0%	0%	Médio	64	"0,42"	"1,80"																	
casa de alugar	BRL	50	0%	0%	Alto	70	"0,54"	"2,30"																	
apartamento venda pinheiros sao paulo	BRL	50	∞	0%	Alto	86																			
valor de apartamento em curitiba	BRL	50	0%	∞	Alto	71																			
apartamento para alugar moema sao paulo	BRL	500	0%	0%	Alto	80	"0,48"	"3,47"																	
alugar apartamento no itaim bibi	BRL	500	0%	0%	Alto	77	"0,70"	"6,68"																	
apartamento a venda em campo belo sp	BRL	50	900%	0%	Alto	81	"0,59"	"5,04"																	
apartamento vila nova conceição venda	BRL	50	0%	0%	Alto	81	"1,16"	"13,23"																	
comprar casa florianópolis	BRL	50	0%	-100%	Desconhecido																				
apartamento para alugar em sao paulo itaim bibi	BRL	50	0%	0%	Alto	75	"2,02"	"5,39"																	
aluguel em curitiba apartamento	BRL	500	0%	0%	Alto	71	"0,17"	"1,30"																	
imoveis para alugar na vila mariana	BRL	500	0%	-90%	Alto	79	"0,63"	"3,03"																	
kitnet poa	BRL	50	0%	0%	Médio	40																			
comprar apartamento bela vista sp	BRL	50	0%	0%	Alto	84	"0,40"	"3,05"																	
aluguel de apartamento em perdizes	BRL	50	0%	0%	Alto	76	"0,29"	"2,26"																	
casas e apartamentos para alugar em curitiba	BRL	50	0%	0%	Alto	71																			
apartamento pinheiros sp aluguel	BRL	500	0%	0%	Alto	80	"0,48"	"3,30"																	
casas alugar sao paulo	BRL	5000	0%	0%	Alto	77	"0,43"	"1,96"																	
imoveis a venda itaim bibi	BRL	50	0%	0%	Alto	86	"2,87"	"8,05"																	
imóveis goiânia venda	BRL	50	-100%	0%	Desconhecido																				
apartamento jk porto alegre	BRL	50	0%	0%	Baixo	0																			
comprar apartamento vila mariana sp	BRL	50	0%	0%	Alto	84	"2,69"	"18,83"																	
casas em floripa para alugar	BRL	50	∞	0%	Alto	78	"0,17"	"1,88"																	
kitnet para comprar em curitiba	BRL	50	0%	0%	Alto	71																			
apartamento vila madalena sao paulo	BRL	50	0%	0%	Alto	86																			
apartamento locação vila nova conceição	BRL	50	0%	0%	Alto	88	"2,69"	"10,31"																	
kitnet a venda em curitiba	BRL	50	∞	0%	Baixo	29																			
alugar apto perdizes	BRL	50	0%	0%	Alto	79	"0,77"	"2,77"																	
aluguel de kitnet em são paulo	BRL	50	0%	0%	Alto	75	"0,21"	"2,06"																	
aluguel em bela vista sp	BRL	50	0%	0%	Alto	82	"0,50"	"3,22"																	
apartamento pinheiros a venda	BRL	500	0%	0%	Alto	76	"0,66"	"7,81"																	
bela vista apartamento alugar	BRL	50	0%	0%	Alto	67	"0,34"	"2,48"																	
empreendimentos na planta rj	BRL	50	0%	-100%	Desconhecido																				
casa para alugar próximo de mim	BRL	500	0%	0%	Alto	77	"0,42"	"2,05"																	
imoveis a venda na vila mariana	BRL	50	0%	0%	Alto	79	"0,76"	"5,03"																	
aluguel pinheiros são paulo	BRL	500	0%	900%	Alto	81	"0,45"	"3,31"																	
casa para comprar no rio de janeiro	BRL	50	0%	0%	Alto	67	"0,46"	"2,63"																	
ap a venda sp	BRL	50	0%	0%	Alto	81	"0,93"	"4,63"																	
apartamento pequeno em sao paulo	BRL	50	0%	0%	Alto	71	"0,90"	"5,98"																	
casas para locação curitiba	BRL	50	0%	0%	Alto	74	"0,29"	"2,73"																	
aluguel são paulo sp	BRL	50	0%	0%	Alto	74	"0,49"	"4,28"																	
aluguel em são paulo barato	BRL	50	0%	0%	Alto	86	"0,50"	"2,31"																	
aluguel moema sao paulo	BRL	50	0%	0%	Alto	78	"0,35"	"2,79"																	
aluguel na vila olimpia	BRL	500	0%	0%	Alto	76	"0,31"	"2,72"																	
apartamento jardim paulista sp	BRL	50	0%	0%	Alto	86	"1,65"	"11,44"																	
apartamento à venda em perdizes	BRL	500	0%	0%	Alto	79	"0,84"	"5,82"																	
apartamento a venda pinheiros sao paulo	BRL	50	0%	0%	Alto	87	"0,92"	"4,58"																	
kitnet para locação	BRL	50	0%	0%	Médio	62	"0,35"	"1,32"																	
apartamento para alugar vila madalena sp	BRL	50	0%	0%	Alto	73	"0,36"	"2,92"																	
imóveis para comprar em fortaleza	BRL	50	0%	0%	Médio	57																			
alugar bela vista	BRL	50	0%	0%	Alto	75	"0,21"	"1,29"																	
casas à venda rj	BRL	50	0%	0%	Desconhecido																				
aluguel sao paulo bela vista	BRL	500	0%	0%	Alto	78	"0,40"	"2,45"																	
comprar apartamento bela vista sao paulo	BRL	50	0%	0%	Alto	76	"0,40"	"5,91"																	
venda casas porto alegre	BRL	50	0%	-100%	Desconhecido																				
aluguel apartamento sao paulo bela vista	BRL	500	0%	0%	Alto	78	"0,30"	"2,00"																	
apartamentos a venda no jardim paulista sp	BRL	50	0%	0%	Alto	84	"0,55"	"4,03"																	
kitnet para alugar no rj	BRL	50	0%	0%	Médio	63	"0,17"	"0,94"																	
comprar apartamento em florianópolis	BRL	50	0%	0%	Alto	71	"0,22"	"3,25"																	
zap imoveis curitiba alugar	BRL	50	0%	0%	Desconhecido																				
aluguel de apartamento perdizes	BRL	50	0%	0%	Alto	80	"0,73"	"3,76"																	
floripa apartamentos	BRL	50	0%	0%	Médio	52	"0,20"	"1,93"																	
aptos em moema	BRL	50	0%	0%	Alto	73	"0,17"	"1,74"																	
aluguel apartamento no rio de janeiro	BRL	50	0%	0%	Alto	80	"0,34"	"3,04"																	
apartamento no rio de janeiro a venda	BRL	50	900%	900%	Alto	76	"0,32"	"3,60"																	
apto alugar bela vista	BRL	500	0%	0%	Alto	78	"0,47"	"2,64"																	
casas à venda rio de janeiro	BRL	50	0%	0%	Médio	66	"0,06"	"1,40"																	
imoveis a venda são paulo sp	BRL	50	0%	0%	Alto	74	"0,63"	"3,87"																	
locação de casas em curitiba	BRL	50	0%	0%	Médio	54																			
rio de janeiro imoveis venda	BRL	50	0%	0%	Desconhecido																				
pinheiros sp aluguel	BRL	500	0%	900%	Alto	81	"0,45"	"3,31"																	
kitnet em curitiba para alugar	BRL	50	0%	0%	Médio	43	"0,07"	"0,38"																	
imóveis para comprar em florianópolis	BRL	50	-100%	-100%	Desconhecido																				
porto alegre casas a venda	BRL	50	0%	0%	Médio	53	"0,19"	"1,19"																	
casas para financiar em porto alegre	BRL	0	0%	0%	Desconhecido																				
comprar imoveis florianopolis	BRL	50	0%	0%	Alto	71	"0,40"	"3,30"																	
apartamento para alugar em vila madalena sp	BRL	50	-100%	-100%	Desconhecido																				
apartamento alugar vila mariana sp	BRL	500	0%	0%	Alto	80	"0,34"	"2,31"																	
floripa casas para alugar	BRL	50	∞	0%	Alto	78	"0,17"	"1,88"																	
alugar apartamento barato	BRL	50	0%	0%	Alto	80	"0,49"	"2,81"																	
aluguel pompeia sp	BRL	50	0%	0%	Alto	82	"0,33"	"1,98"																	
apartamento para alugar na pompeia sp	BRL	500	0%	0%	Alto	79	"0,25"	"2,22"																	
casas a venda em são paulo capital	BRL	50	0%	0%	Alto	73	"0,40"	"1,51"																	
venda de imoveis brasilia	BRL	50	0%	0%	Desconhecido																				
moema sp apartamentos	BRL	50	0%	0%	Alto	71	"3,12"	"10,00"																	
apartamento vila olímpia aluguel	BRL	500	0%	0%	Alto	80	"0,51"	"4,02"																	
casas baratas para alugar em porto alegre	BRL	0	0%	-100%	Desconhecido																				
apartamento para alugar nas perdizes	BRL	50	0%	0%	Alto	80	"0,46"	"1,41"																	
venda apartamento rj	BRL	50	0%	0%	Alto	79																			
zap rj	BRL	50	0%	0%	Desconhecido																				
apartamento para alugar em curitiba pr	BRL	50	0%	0%	Alto	78	"0,17"	"1,06"																	
aluguel sao paulo itaim bibi	BRL	50	0%	0%	Alto	85	"0,28"	"3,69"																	
alugar em pinheiros	BRL	500	0%	0%	Alto	76	"0,40"	"3,16"																	
casa alugar em curitiba	BRL	500	0%	0%	Alto	71	"0,17"	"0,90"																	
casas em porto alegre a venda	BRL	50	0%	0%	Médio	53	"0,19"	"1,19"																	
zapimoveis fortaleza	BRL	50	0%	0%	Desconhecido																				
alugar apto campo belo	BRL	50	0%	0%	Alto	87	"0,63"	"4,95"																	
apartamento alugar em moema	BRL	50	0%	0%	Alto	79	"0,34"	"4,41"																	
comprar apartamento em pinheiros sp	BRL	50	0%	0%	Alto	85	"1,21"	"11,02"																	
lançamentos imoveis rj	BRL	50	∞	0%	Alto	86																			
aluguel apartamento vila mariana sao paulo	BRL	50	0%	0%	Alto	83	"0,33"	"3,87"																	
apartamentos a venda no rj	BRL	50	0%	0%	Alto	78	"0,41"	"2,36"																	
imóveis são paulo aluguel	BRL	50	0%	0%	Desconhecido																				
vila nova conceição apartamento alugar	BRL	50	∞	0%	Alto	84	"0,62"	"5,38"																	
vila olímpia sp aluguel	BRL	50	∞	∞	Alto	71																			
aluguel de apartamento em perdizes sp	BRL	50	0%	0%	Alto	81	"0,35"	"3,14"																	
locacao imovel sao paulo	BRL	50	0%	-90%	Alto	87	"1,11"	"4,86"																	
apartamentos preços	BRL	500	0%	0%	Médio	53	"1,98"	"6,06"																	
imoveis para alugar moema	BRL	50	0%	0%	Alto	82	"1,15"	"4,73"																	
apartamentos porto alegre venda	BRL	50	0%	0%	Médio	64	"0,47"	"3,06"																	
zap imovéis	BRL	50000	0%	0%	Médio	44	"0,08"	"2,34"																	
apartamento para alugar em perdizes são paulo	BRL	500	0%	900%	Alto	78	"0,33"	"2,79"																	
aluguel apartamento perdizes 2 quartos	BRL	50	0%	0%	Alto	86	"0,48"	"2,59"																	
aluguel mensal florianópolis	BRL	50	0%	-100%	Desconhecido																				
apartamento moema passaros venda	BRL	50	0%	0%	Alto	86																			
imoveis para vender em fortaleza	BRL	50	-100%	-100%	Desconhecido																				
aluguel sp capital	BRL	50	0%	0%	Alto	75	"0,48"	"1,76"																	
kitnet sao paulo aluguel	BRL	500	0%	0%	Alto	71	"0,37"	"1,67"																	
venda apartamento são paulo	BRL	500	0%	900%	Alto	77	"0,87"	"5,72"				Y													
apartamento no campo belo para alugar	BRL	50	0%	0%	Alto	83	"0,41"	"1,74"																	
alugar kit net	BRL	50	0%	0%	Alto	79	"0,32"	"1,61"																	
aluguel casa em sao paulo	BRL	500	0%	0%	Alto	79	"0,41"	"2,30"																	
kitnet porto alegre aluguel	BRL	50	0%	0%	Alto	69	"0,18"	"1,36"																	
apartamento para comprar em poa	BRL	50	0%	0%	Alto	79																			
apartamento para alugar em florianópolis sc	BRL	50	0%	0%	Alto	80	"0,22"	"1,57"																	
aluguel apartamento moema sp	BRL	50	0%	0%	Alto	82	"0,64"	"4,59"																	
aluguel de casa em floripa	BRL	50	0%	0%	Alto	81	"0,28"	"2,58"																	
apartamento alugar bela vista sao paulo	BRL	50	0%	0%	Alto	86	"0,63"	"2,49"																	
locacao pinheiros	BRL	50	0%	0%	Alto	82	"1,13"	"5,04"																	
ap em curitiba para comprar	BRL	50	0%	0%	Alto	73	"0,28"	"1,08"																	
aluguel de apartamento no itaim bibi	BRL	50	0%	0%	Alto	81	"0,21"	"4,31"																	
apartamento a venda vila madalena sp	BRL	50	0%	0%	Médio	55	"0,44"	"4,68"																	
apartamento para alugar em sao paulo vila mariana	BRL	500	0%	0%	Alto	80	"0,34"	"2,31"																	
kitnet alugar sao paulo	BRL	500	0%	0%	Alto	71	"0,37"	"1,67"																	
apartamento vila olimpia alugar	BRL	50	0%	0%	Alto	82	"0,63"	"3,79"																	
aluguel de jk em porto alegre	BRL	0	0%	0%	Desconhecido																				
zap imóveis aluguel rj	BRL	50	0%	0%	Médio	34																			
apartamento alugar em pinheiros	BRL	50	0%	0%	Alto	92	"0,59"	"4,48"																	
venda imoveis florianopolis	BRL	50	0%	0%	Alto	82	"0,30"	"1,79"																	
kit net em curitiba	BRL	50	-100%	-100%	Desconhecido																				
apartamento à venda em florianópolis	BRL	50	0%	0%	Alto	70	"0,20"	"2,16"																	
venda de apartamento no rio de janeiro	BRL	50	0%	∞	Alto	86	"0,50"	"3,90"																	
apartamento para alugar ate 1000 reais sp	BRL	50	∞	0%	Alto	71																			
imoveis bela vista sao paulo	BRL	50	0%	0%	Alto	88	"0,87"	"4,90"																	
apartamento para alugar pompeia sp	BRL	500	0%	0%	Alto	79	"0,25"	"2,22"																	
apartamento venda campo belo sp	BRL	50	0%	0%	Alto	81	"0,85"	"8,63"																	
apto alugar bela vista sp	BRL	500	0%	0%	Alto	78	"0,30"	"2,00"																	
florianopolis apartamentos a venda	BRL	50	∞	∞	Médio	62																			
imóveis para comprar em santo andré	BRL	50	0%	0%	Desconhecido																				
aluguel casa em porto alegre	BRL	50	0%	0%	Alto	67	"0,08"	"0,37"																	
apartamento alugar bela vista sp	BRL	500	0%	0%	Alto	78	"0,30"	"2,00"																	
apartamento a venda nas perdizes	BRL	500	0%	0%	Alto	77	"0,92"	"6,16"																	
casa alugar floripa	BRL	50	0%	0%	Alto	74	"0,17"	"1,60"																	
imoveis para comprar em goiania	BRL	50	∞	0%	Alto	71																			
kitnet aluguel rio de janeiro	BRL	50	0%	0%	Alto	71	"0,27"	"1,39"																	
florianópolis apartamento	BRL	50	0%	0%	Médio	52																			
comprar apto florianópolis	BRL	50	0%	0%	Alto	86																			
ap aluguel sp	BRL	5000	900%	0%	Alto	79	"0,62"	"3,95"																	
apartamento venda vila mariana sp	BRL	50	0%	0%	Alto	82	"0,30"	"2,43"																	
venda apartamento em sao paulo	BRL	500	0%	0%	Alto	79	"1,37"	"6,41"																	
alugar campo belo	BRL	50	0%	0%	Alto	81	"0,29"	"1,40"																	
apartamento para morar em florianopolis	BRL	50	0%	∞	Médio	43																			
apartamento alugar em florianopolis	BRL	500	0%	0%	Alto	72	"0,18"	"2,30"																	
apartamento em florianópolis para comprar	BRL	50	0%	0%	Alto	86	"1,32"	"3,50"																	
apartamento para alugar em sao paulo barato	BRL	50	0%	0%	Alto	86	"0,41"	"2,61"																	
apartamento para locação em moema	BRL	50	0%	0%	Alto	82	"0,76"	"4,29"																	
kit net em porto alegre	BRL	50	0%	0%	Desconhecido																				
apartamento venda bela vista sao paulo	BRL	50	0%	0%	Alto	70	"0,04"	"3,01"																	
locação de apartamento em são paulo	BRL	50	0%	-90%	Alto	68	"1,02"	"4,71"																	
imoveis pinheiros aluguel	BRL	50	0%	0%	Alto	82	"0,70"	"5,22"																	
apartamento para alugar em santa catarina florianópolis	BRL	50	0%	0%	Alto	67																			
apartamento alugar pinheiros sp	BRL	500	0%	0%	Alto	80	"0,48"	"3,30"																	
imoveis a venda em pinheiros	BRL	50	0%	0%	Alto	79	"2,31"	"12,50"																	
comprar imoveis df	BRL	50	∞	0%	Alto	82	"0,26"	"3,06"																	
zap imóveis para alugar	BRL	500	0%	0%	Médio	53	"0,33"	"1,97"																	
aluguel vila madalena sp	BRL	50	0%	0%	Alto	78	"0,33"	"4,33"																	
casa para comprar em florianopolis	BRL	50	0%	0%	Alto	79	"0,15"	"1,08"																	
casas para alugar em curitiba pr	BRL	500	0%	0%	Alto	71	"0,17"	"0,90"																	
aluguel apartamento rio	BRL	50	0%	0%	Alto	83	"0,40"	"4,55"																	
alugar imoveis rio de janeiro	BRL	50	0%	-100%	Desconhecido																				
apartamento pompeia sp	BRL	50	0%	0%	Alto	83	"0,66"	"3,62"																	
aluguel vila mariana são paulo	BRL	50	0%	900%	Alto	77	"0,41"	"2,57"																	
apartamento a venda no itaim bibi sp	BRL	50	0%	0%	Alto	83	"1,30"	"6,37"																	
apartamento comprar rj	BRL	50	0%	0%	Alto	86																			
casa para venda porto alegre	BRL	50	0%	0%	Médio	59	"0,38"	"1,89"																	
alugar apto florianopolis	BRL	50	∞	0%	Alto	86																			
kitnet barata para alugar	BRL	50	0%	0%	Médio	55	"0,29"	"1,10"																	
itaim apartamento	BRL	50	0%	0%	Alto	86	"3,53"	"15,19"																	
itaim bibi aluguel apartamento	BRL	500	0%	0%	Alto	77	"0,70"	"6,68"																	
apartamento em floripa aluguel	BRL	50	0%	0%	Alto	82	"0,14"	"1,68"																	
apartamentos para venda florianopolis	BRL	50	0%	0%	Alto	70	"0,20"	"2,16"																	
apartamentos a venda em pinheiros sp zap	BRL	50	-100%	-100%	Desconhecido																				
floripa apartamentos para alugar	BRL	50	∞	0%	Alto	71																			
aluguel sao paulo vila mariana	BRL	50	0%	900%	Alto	77	"0,41"	"2,57"																	
apartamento rio de janeiro a venda	BRL	50	900%	900%	Alto	76	"0,32"	"3,60"																	
casas para alugar em porto alegre zona norte	BRL	50	∞	∞	Alto	86																			
comprar casas curitiba	BRL	50	0%	0%	Alto	67	"0,19"	"1,03"																	
preço de apartamento rio de janeiro	BRL	50	0%	-100%	Desconhecido																				
a venda em porto alegre	BRL	0	0%	0%	Desconhecido																				
a venda em são paulo	BRL	50	0%	0%	Médio	49	"1,21"	"3,09"																	
a venda são paulo	BRL	50	0%	-100%	Desconhecido																				
aluga se casa curitiba	BRL	50	0%	0%	Desconhecido																				
alugar a	BRL	50	0%	0%	Médio	45	"1,19"	"9,06"																	
alugar ap rj	BRL	50	∞	0%	Alto	83	"0,34"	"4,33"																	
alugar ap vila mariana	BRL	50	0%	0%	Alto	70	"0,35"	"3,14"																	
alugar apartamento barato em sp	BRL	50	0%	0%	Alto	86																			
alugar apartamento campo belo sp	BRL	50	0%	0%	Alto	84	"0,42"	"1,60"																	
alugar apartamento em	BRL	50	0%	0%	Médio	48																			
alugar apartamento em florianopolis para morar	BRL	50	0%	0%	Desconhecido																				
alugar apartamento em florianópolis	BRL	500	0%	-90%	Alto	74	"0,18"	"2,75"																	
alugar apartamento em floripa	BRL	50	0%	-100%	Desconhecido																				
alugar apartamento em moema sp	BRL	50	0%	0%	Alto	89	"0,70"	"3,35"																	
alugar apartamento em rio de janeiro	BRL	500	0%	0%	Alto	79	"0,28"	"3,28"																	
alugar apartamento floripa	BRL	50	0%	0%	Alto	79	"0,04"	"2,12"																	
alugar apartamento na bela vista	BRL	500	0%	0%	Alto	79	"0,57"	"3,93"																	
alugar apartamento na vila madalena	BRL	500	0%	0%	Alto	76	"0,54"	"3,63"																	
alugar apartamento na vila olimpia	BRL	500	0%	0%	Alto	80	"0,51"	"4,02"																	
alugar apartamento no campo belo	BRL	500	0%	0%	Alto	80	"0,48"	"3,64"																	
alugar apartamento no rio	BRL	50	0%	0%	Alto	83	"0,40"	"4,55"																	
alugar apartamento novo	BRL	50	0%	0%	Alto	83	"1,56"	"4,30"																	
alugar apartamento pequeno	BRL	50	0%	0%	Médio	64																			
alugar apartamento perdizes sp	BRL	50	0%	0%	Alto	81	"0,48"	"2,16"																	
alugar apartamento pinheiros são paulo	BRL	50	0%	0%	Alto	79	"0,66"	"4,78"																	
alugar apartamento pompeia sp	BRL	50	0%	0%	Alto	75	"0,20"	"2,61"																	
alugar apartamento rio de janeiro barato	BRL	0	0%	0%	Desconhecido																				
alugar apto bela vista	BRL	50	0%	0%	Alto	86	"0,30"	"2,66"																	
alugar apto bela vista sp	BRL	50	0%	0%	Alto	86	"0,48"	"2,57"																	
alugar bela vista sp	BRL	50	-100%	-100%	Desconhecido																				
alugar casa em floripa	BRL	50	0%	0%	Alto	86																			
alugar casa floripa	BRL	50	∞	0%	Alto	68	"0,46"	"4,82"																	
alugar casa perto de mim	BRL	500	0%	0%	Alto	76	"0,42"	"2,05"																	
alugar casa poa	BRL	50	0%	0%	Alto	79	"0,37"	"0,70"																	
alugar casa sao paulo brasil	BRL	0	0%	0%	Desconhecido																				
alugar casa são paulo sp	BRL	50	0%	0%	Alto	83	"0,50"	"1,93"																	
alugar curitiba apartamento	BRL	500	0%	0%	Alto	71	"0,17"	"1,30"																	
alugar em perdizes sp	BRL	50	∞	0%	Alto	86																			
alugar imoveis em sao paulo	BRL	50	0%	0%	Alto	83	"0,67"	"3,88"																	
alugar imoveis rj	BRL	50	∞	∞	Alto	81	"0,76"	"1,82"																	
alugar kitnet centro sp	BRL	50	0%	0%	Alto	74	"0,35"	"1,29"																	
alugar kitnet em curitiba	BRL	50	0%	0%	Médio	47	"0,13"	"1,07"																	
alugar kitnet em porto alegre	BRL	50	0%	0%	Médio	45	"0,19"	"1,08"																	
alugar kitnet em sp	BRL	50	0%	0%	Alto	68	"0,41"	"1,98"																	
alugar kitnet em são paulo	BRL	500	0%	0%	Alto	74	"0,43"	"1,60"																	
alugar kitnet no rio de janeiro	BRL	50	0%	0%	Alto	71	"0,27"	"1,39"																	
alugar kitnets	BRL	50	0%	0%	Médio	42	"0,31"	"1,49"																	
alugar na vila mariana	BRL	500	0%	0%	Alto	75	"0,34"	"2,26"																	
alugar pinheiros sp	BRL	500	0%	900%	Alto	81	"0,45"	"3,31"																	
alugar pompeia	BRL	50	0%	0%	Alto	71	"0,49"	"1,51"																	
alugar rio de janeiro apartamento	BRL	500	0%	0%	Alto	79	"0,28"	"3,28"																	
alugar um kitnet	BRL	50	0%	0%	Alto	86																			
alugar vila nova conceição	BRL	50	0%	0%	Alto	83	"1,18"	"8,58"																	
alugar zap imoveis	BRL	500	0%	0%	Médio	53	"0,33"	"1,97"																	
aluguel anual casa florianopolis	BRL	50	0%	0%	Alto	86	"0,10"	"0,54"																	
aluguel anual casa florianópolis	BRL	50	0%	0%	Alto	86	"0,10"	"0,54"																	
aluguel anual de casas em florianopolis sc	BRL	50	-100%	0%	Desconhecido																				
aluguel anual porto alegre	BRL	0	0%	0%	Desconhecido																				
aluguel ap em sao paulo	BRL	50	0%	0%	Alto	84	"1,18"	"5,29"																	
aluguel ap em sp	BRL	500	0%	0%	Alto	80	"0,71"	"4,41"																	
aluguel ap floripa	BRL	50	0%	0%	Alto	79	"0,04"	"2,12"																	
aluguel ap pinheiros	BRL	500	0%	0%	Alto	79	"0,66"	"4,61"																	
aluguel ap são paulo	BRL	5000	0%	0%	Alto	80	"0,66"	"4,21"																	
aluguel ap vila mariana	BRL	500	0%	0%	Alto	78	"0,47"	"3,14"																	
aluguel apartamento 2 quartos bela vista sp	BRL	50	-100%	0%	Desconhecido																				
aluguel apartamento barato	BRL	50	0%	0%	Alto	80	"0,49"	"2,81"																	
aluguel apartamento campo belo sao paulo	BRL	50	0%	0%	Alto	84	"0,42"	"1,60"																	
aluguel apartamento em florianópolis	BRL	500	0%	-90%	Alto	74	"0,18"	"2,75"																	
aluguel apartamento em perdizes sp	BRL	50	0%	0%	Alto	81	"0,48"	"2,16"																	
aluguel apartamento kitnet	BRL	50	0%	0%	Alto	83	"0,60"	"1,83"																	
aluguel apartamento pequeno sp	BRL	50	∞	0%	Alto	81	"0,51"	"2,36"																	
aluguel apartamento rio de janeiro rj	BRL	50	∞	0%	Baixo	29																			
aluguel apartamento são paulo capital	BRL	50	∞	0%	Alto	76	"0,19"	"0,86"																	
aluguel apartamento vila madalena 2 quartos	BRL	50	0%	-100%	Desconhecido																				
aluguel apartamento vila madalena sp	BRL	50	0%	0%	Alto	86	"0,53"	"2,01"																	
aluguel apartamento zap imoveis	BRL	50	∞	0%	Baixo	14																			
aluguel aptos	BRL	50	0%	0%	Médio	53	"0,29"	"1,89"																	
aluguel bairro bela vista	BRL	50	0%	0%	Alto	86	"0,17"	"1,39"																	
aluguel bairro pinheiros sp	BRL	50	0%	-100%	Desconhecido																				
aluguel casa anual florianopolis	BRL	50	0%	0%	Alto	86	"0,10"	"0,54"																	
aluguel casa anual florianópolis	BRL	50	0%	0%	Alto	86	"0,10"	"0,54"																	
aluguel casa em florianopolis	BRL	50	0%	-90%	Alto	78	"0,17"	"3,03"																	
aluguel casa em florianópolis	BRL	50	0%	-90%	Alto	78	"0,17"	"3,03"																	
aluguel casa em floripa	BRL	50	0%	0%	Alto	86	"0,32"	"3,86"																	
aluguel casa em sp	BRL	500	0%	0%	Alto	78	"0,43"	"2,41"																	
aluguel casa em são paulo	BRL	500	0%	0%	Alto	79	"0,41"	"2,30"																	
aluguel casa florianopolis brasil	BRL	0	0%	0%	Desconhecido																				
aluguel casa zona norte porto alegre	BRL	0	0%	0%	Desconhecido																				
aluguel casas e apartamentos	BRL	50	0%	0%	Alto	79	"0,26"	"1,60"																	
aluguel conjugado	BRL	50	∞	∞	Baixo	14																			
aluguel curitiba casa	BRL	50	0%	0%	Alto	77	"0,17"	"1,17"																	
aluguel curitiba kitnet	BRL	50	0%	0%	Médio	47	"0,13"	"1,07"																	
aluguel de a	BRL	50	0%	0%	Médio	43	"1,26"	"2,92"																	
aluguel de apartamento barato	BRL	50	0%	0%	Alto	69	"0,42"	"1,42"																	
aluguel de apartamento bela vista	BRL	50	0%	0%	Alto	73	"0,38"	"1,62"																	
aluguel de apartamento em florianópolis sc	BRL	50	-100%	0%	Desconhecido																				
aluguel de apartamento em floripa	BRL	50	0%	∞	Alto	86	"0,22"	"0,70"																	
aluguel de apartamento em pinheiros sp	BRL	50	0%	0%	Alto	71	"0,72"	"6,43"																	
aluguel de apartamento em rio de janeiro	BRL	500	0%	0%	Alto	79	"0,28"	"3,28"																	
aluguel de apartamento em são paulo capital	BRL	50	0%	∞	Alto	86	"0,31"	"1,44"																	
aluguel de apartamento na bela vista	BRL	50	0%	0%	Alto	79	"0,06"	"1,14"																	
aluguel de apartamento na vila mariana	BRL	50	0%	0%	Alto	69	"0,36"	"3,37"																	
aluguel de apartamento no rio	BRL	50	-100%	0%	Desconhecido																				
aluguel de apartamento no rio janeiro	BRL	500	0%	0%	Alto	79	"0,28"	"3,28"																	
aluguel de apartamento no rj	BRL	50	0%	0%	Médio	64																			
aluguel de apartamento pequeno	BRL	50	0%	0%	Alto	79																			
aluguel de apartamento perto de mim	BRL	50	0%	0%	Alto	82	"0,39"	"3,51"																	
aluguel de apartamento rio janeiro	BRL	500	0%	0%	Alto	79	"0,28"	"3,28"																	
aluguel de apartamento vila madalena	BRL	50	0%	0%	Alto	76	"1,86"	"6,62"																	
aluguel de apartamento vila nova conceição	BRL	50	∞	0%	Alto	86	"0,29"	"5,53"																	
aluguel de aptos	BRL	50	0%	0%	Alto	79																			
aluguel de aptos em sp	BRL	50	0%	0%	Alto	90	"1,04"	"11,52"																	
aluguel de casa em curitiba pr	BRL	50	0%	0%	Alto	71	"0,17"	"1,18"																	
aluguel de casa floripa	BRL	50	0%	0%	Alto	81	"0,28"	"2,58"																	
aluguel de casas anual em florianopolis sc	BRL	0	0%	0%	Desconhecido																				
aluguel de casas em florianópolis sc	BRL	50	∞	0%	Médio	43																			
aluguel de casas florianopolis anual	BRL	50	0%	0%	Desconhecido																				
aluguel de casas florianopolis sc	BRL	50	∞	0%	Médio	43																			
aluguel de casas florianópolis	BRL	50	0%	0%	Alto	84	"0,26"	"2,99"																	
aluguel de casas para morar em florianopolis	BRL	50	0%	∞	Alto	86																			
aluguel de casas perto de mim	BRL	500	0%	0%	Alto	82	"0,36"	"1,90"																	
aluguel de casas próximo a mim	BRL	50	0%	0%	Alto	69	"0,45"	"2,23"																	
aluguel de imoveis em sp	BRL	50	0%	-90%	Alto	79	"0,79"	"4,20"																	
aluguel de imóveis em são paulo	BRL	50	0%	0%	Alto	80	"0,64"	"4,59"																	
aluguel de imóveis no rio de janeiro	BRL	50	0%	0%	Médio	64	"0,29"	"1,26"																	
aluguel de kitinetes	BRL	500	900%	0%	Alto	68	"0,24"	"1,41"																	
aluguel de kitnet em	BRL	50	∞	0%	Baixo	0																			
aluguel de kitnet em curitiba	BRL	50	0%	0%	Médio	64																			
aluguel de kitnet em porto alegre	BRL	50	0%	∞	Baixo	29																			
aluguel de kitnet em sp	BRL	50	0%	0%	Alto	68	"0,38"	"1,51"																	
aluguel de kitnet no centro do rio de janeiro	BRL	50	0%	0%	Médio	50																			
aluguel de kitnet no rio de janeiro	BRL	50	0%	0%	Alto	71	"0,27"	"1,39"																	
aluguel de kitnet rj	BRL	50	0%	-100%	Desconhecido																				
aluguel de kitnet sao paulo	BRL	500	0%	0%	Alto	78	"0,33"	"1,98"																	
aluguel de kitnet sp	BRL	50	0%	0%	Alto	68	"0,38"	"1,51"																	
aluguel de quitinete rj	BRL	0	0%	0%	Desconhecido																				
aluguel de um apartamento pequeno	BRL	50	0%	0%	Médio	65	"0,89"	"5,35"																	
aluguel de um kitnet	BRL	50	0%	0%	Alto	86																			
aluguel em apartamento	BRL	50	0%	0%	Alto	86	"0,47"	"4,98"																	
aluguel em campo belo	BRL	500	0%	0%	Alto	75	"0,40"	"2,64"																	
aluguel em campo belo sp	BRL	50	0%	0%	Alto	71	"0,35"	"2,18"																	
aluguel em curitiba kitnet	BRL	50	0%	0%	Médio	47	"0,13"	"1,07"																	
aluguel em florianópolis mensal	BRL	50	0%	0%	Desconhecido																				
aluguel em florianópolis para morar	BRL	50	-100%	0%	Desconhecido																				
aluguel em moema sao paulo	BRL	50	0%	0%	Alto	78	"0,35"	"2,79"																	
aluguel em pinheiros sao paulo	BRL	50	0%	0%	Alto	89	"0,61"	"2,47"																	
aluguel em rj	BRL	50	0%	0%	Alto	71	"0,17"	"1,41"																	
aluguel em sao paulo capital	BRL	50	0%	0%	Alto	73	"0,62"	"3,59"																	
aluguel em sao paulo kitnet	BRL	500	0%	0%	Alto	74	"0,43"	"1,60"																	
aluguel em sp capital	BRL	50	0%	0%	Alto	75	"0,48"	"1,76"																	
aluguel em são paulo sp	BRL	50	0%	0%	Alto	79	"0,28"	"3,37"																	
aluguel em vila madalena	BRL	500	0%	0%	Alto	73	"0,42"	"3,02"																	
aluguel em vila mariana sp	BRL	50	0%	0%	Alto	83	"0,26"	"1,71"																	
aluguel florianopolis casa	BRL	50	0%	-90%	Alto	78	"0,17"	"3,03"																	
aluguel florianopolis sc	BRL	50	0%	0%	Alto	74	"0,17"	"1,81"																	
aluguel jk centro porto alegre	BRL	50	0%	0%	Desconhecido																				
aluguel kit net curitiba	BRL	50	0%	0%	Desconhecido																				
aluguel kitnet barato	BRL	50	0%	0%	Médio	48	"0,18"	"6,02"																	
aluguel kitnet centro do rio de janeiro	BRL	0	0%	0%	Desconhecido																				
aluguel kitnet centro rio de janeiro	BRL	50	0%	0%	Médio	50																			
aluguel kitnet centro sao paulo	BRL	50	0%	0%	Alto	74	"0,35"	"1,29"																	
aluguel kitnet rio de janeiro centro	BRL	50	0%	0%	Médio	50																			
aluguel kitnet sao paulo centro	BRL	50	0%	0%	Alto	74	"0,35"	"1,29"																	
aluguel kitnet são paulo sp	BRL	500	0%	0%	Alto	74	"0,43"	"1,60"																	
aluguel moema apartamento	BRL	500	0%	0%	Alto	80	"0,56"	"4,06"																	
aluguel na bela vista sp	BRL	500	0%	0%	Alto	78	"0,40"	"2,45"																	
aluguel na pompeia	BRL	50	0%	-90%	Alto	73	"0,40"	"2,07"																	
aluguel na vila mariana sp	BRL	50	0%	900%	Alto	77	"0,41"	"2,57"																	
aluguel no bela vista	BRL	500	0%	0%	Alto	76	"0,32"	"2,01"																	
aluguel no campo belo	BRL	500	0%	0%	Alto	75	"0,40"	"2,64"																	
aluguel no rio	BRL	50	0%	0%	Médio	55	"0,17"	"2,30"																	
aluguel perdizes sao paulo	BRL	50	0%	900%	Alto	78	"0,37"	"2,56"																	
aluguel pinheiros apartamento	BRL	500	0%	0%	Alto	79	"0,66"	"4,61"																	
aluguel pompéia	BRL	50	0%	0%	Alto	71	"0,49"	"1,51"																	
aluguel porto alegre casa	BRL	50	0%	0%	Alto	67	"0,08"	"0,37"																	
aluguel porto alegre kitnet	BRL	50	0%	0%	Médio	45	"0,19"	"1,08"																	
aluguel residencial porto alegre	BRL	50	-100%	0%	Desconhecido																				
aluguel rio de janeiro apartamento	BRL	500	0%	0%	Alto	79	"0,28"	"3,28"																	
aluguel rio de janeiro kitnet	BRL	50	0%	0%	Alto	71	"0,27"	"1,39"																	
aluguel sao paulo capital	BRL	50	0%	0%	Alto	73	"0,62"	"3,59"																	
aluguel sao paulo casa	BRL	500	0%	0%	Alto	79	"0,41"	"2,30"																	
aluguel sao paulo moema	BRL	50	0%	0%	Alto	78	"0,35"	"2,79"																	
aluguel sao paulo sp	BRL	50	0%	0%	Alto	79	"0,28"	"3,37"																	
aluguel sao paulo vila olimpia	BRL	50	0%	0%	Alto	76	"0,31"	"3,46"																	
aluguel sp bela vista	BRL	500	0%	0%	Alto	78	"0,40"	"2,45"																	
aluguel sp kitnet	BRL	50	0%	0%	Alto	68	"0,41"	"1,98"																	
aluguel sp pinheiros	BRL	500	0%	900%	Alto	81	"0,45"	"3,31"																	
aluguel sp vila mariana	BRL	50	0%	900%	Alto	77	"0,41"	"2,57"																	
aluguel são paulo kitnet	BRL	500	0%	0%	Alto	74	"0,43"	"1,60"																	
aluguel vila madalena sao paulo	BRL	50	0%	0%	Alto	78	"0,33"	"4,33"																	
aluguel vila mariana sao paulo brasil	BRL	50	0%	0%	Desconhecido																				
aluguel vila nova conceição sp	BRL	50	0%	0%	Alto	80	"0,76"	"4,85"																	
aluguel vila olimpia 1 quarto	BRL	50	-100%	0%	Desconhecido																				
aluguel vila olimpia são paulo	BRL	50	0%	0%	Alto	76	"0,31"	"3,46"																	
aluguel vila olímpia	BRL	50	0%	0%	Alto	78	"0,50"	"2,75"																	
aluguel vila olímpia sp	BRL	50	0%	0%	Alto	86																			
aluguel zap imoveis rj	BRL	50	0%	0%	Médio	34																			
anunciar no zap imoveis é gratuito	BRL	50	0%	0%	Alto	73	"1,64"	"4,76"																	
ap alugar sao paulo	BRL	50	0%	0%	Alto	79	"0,95"	"11,51"																	
ap barato para alugar em sp	BRL	50	0%	0%	Alto	83	"0,56"	"2,19"																	
ap bela vista aluguel	BRL	500	0%	0%	Alto	78	"0,47"	"2,64"																	
ap em floripa para alugar	BRL	50	0%	0%	Médio	57																			
ap em poa	BRL	50	0%	0%	Alto	70	"0,50"	"3,31"																	
ap na vila mariana	BRL	500	0%	0%	Alto	77	"1,05"	"5,37"																	
ap sp alugar	BRL	5000	900%	0%	Alto	79	"0,62"	"3,95"																	
ap venda sp	BRL	50	0%	0%	Alto	81	"0,93"	"4,63"																	
apartamento 250 mil porto alegre	BRL	50	0%	0%	Desconhecido																				
apartamento a alugar	BRL	50	∞	0%	Alto	71																			
apartamento a venda bela vista sao paulo	BRL	50	0%	0%	Alto	71	"0,60"	"3,92"																	
apartamento a venda em curitiba até 300 mil	BRL	50	0%	-100%	Desconhecido																				
apartamento a venda em florianopolis sc	BRL	50	-100%	-100%	Desconhecido																				
apartamento a venda em floripa	BRL	50	0%	0%	Alto	71	"0,11"	"1,16"																	
apartamento a venda em sp capital	BRL	50	0%	0%	Alto	81	"2,00"	"6,92"																	
apartamento a venda floripa	BRL	50	0%	0%	Alto	71	"0,11"	"1,16"																	
apartamento a venda no bairro bela vista sp	BRL	50	∞	0%	Alto	80	"0,07"	"4,79"																	
apartamento a venda no bela vista	BRL	50	-100%	-100%	Desconhecido																				
apartamento a venda no rio	BRL	50	-100%	0%	Desconhecido																				
apartamento a venda rio	BRL	50	∞	∞	Médio	50																			
apartamento alugar barato	BRL	50	0%	0%	Médio	50	"0,33"	"2,42"																	
apartamento alugar em perdizes	BRL	50	0%	0%	Alto	79	"0,53"	"2,42"																	
apartamento alugar em são paulo	BRL	5000	0%	0%	Alto	79	"0,61"	"3,77"																	apartamento alugar floripa	BRL	50	0%	0%	Alto	82	"0,14"	"1,68"																	
apartamento alugar moema sp	BRL	500	0%	0%	Alto	80	"0,48"	"3,47"																	
apartamento alugar no rio de janeiro	BRL	500	0%	0%	Alto	79	"0,28"	"3,28"																	
apartamento alugar perdizes sp	BRL	500	0%	900%	Alto	78	"0,33"	"2,79"																	
apartamento alugar pinheiros sao paulo	BRL	50	∞	0%	Alto	79																			
apartamento alugar pompeia sp	BRL	50	0%	0%	Alto	80	"0,56"	"2,36"																	
apartamento alugar rio	BRL	50	0%	0%	Alto	83	"0,40"	"4,55"																	
apartamento aluguel barato	BRL	50	0%	0%	Alto	70	"0,48"	"2,86"																	
apartamento aluguel em curitiba	BRL	500	0%	0%	Alto	71	"0,17"	"1,35"																	
apartamento aluguel em florianopolis	BRL	500	0%	0%	Alto	72	"0,18"	"2,30"																	
apartamento aluguel em sao paulo	BRL	5000	0%	0%	Alto	79	"0,61"	"3,77"																	
apartamento aluguel em sp	BRL	5000	900%	0%	Alto	79	"0,62"	"3,95"																	
apartamento até 200 mil curitiba	BRL	50	0%	0%	Desconhecido																				
apartamento barato alugar	BRL	50	0%	0%	Alto	68	"0,73"	"3,13"																	
apartamento barato em sp para alugar	BRL	50	0%	0%	Médio	64	"0,94"	"3,50"																	
apartamento barato florianopolis	BRL	50	0%	-100%	Desconhecido																				
apartamento barato para alugar em curitiba	BRL	50	-100%	0%	Desconhecido																				
apartamento barato para alugar em são paulo	BRL	50	0%	0%	Alto	80	"0,54"	"2,33"																	
apartamento barato para alugar no rio de janeiro	BRL	50	0%	0%	Desconhecido																				
apartamento barato porto alegre	BRL	50	0%	-100%	Desconhecido																				
apartamento bela vista a venda	BRL	50	0%	0%	Alto	83	"0,49"	"4,25"																	
apartamento bela vista para alugar	BRL	50	0%	0%	Alto	71	"0,77"	"2,23"																	
apartamento bela vista sp comprar	BRL	50	0%	0%	Alto	84	"0,40"	"3,05"																	
apartamento campo belo alugar	BRL	500	0%	0%	Alto	80	"0,53"	"2,99"																	
apartamento comprar em curitiba	BRL	50	0%	∞	Alto	86																			
apartamento curitiba a venda	BRL	500	0%	0%	Alto	68	"0,21"	"1,71"																	
apartamento curitiba locação	BRL	50	0%	0%	Alto	81	"0,24"	"1,63"																	
apartamento curitiba para alugar	BRL	50	0%	0%	Alto	74	"0,17"	"1,19"																	
apartamento curitiba pr	BRL	500	0%	0%	Alto	70	"0,26"	"2,72"																	
apartamento de aluguel em sao paulo	BRL	50	0%	∞	Médio	54	"0,40"	"3,06"																	
apartamento do rio de janeiro	BRL	500	0%	0%	Alto	73	"0,70"	"4,62"																	
apartamento e kitnet para alugar	BRL	50	0%	0%	Alto	77	"0,23"	"1,06"																	
apartamento em aluguel	BRL	50	0%	0%	Alto	79	"0,17"	"2,06"																	
apartamento em bela vista	BRL	50	0%	0%	Alto	79																			
apartamento em curitiba aluguel	BRL	500	0%	0%	Alto	71	"0,17"	"1,35"																	
apartamento em curitiba pr	BRL	500	0%	0%	Alto	70	"0,26"	"2,72"																	
apartamento em florianopolis a venda	BRL	50	0%	0%	Alto	72	"0,24"	"2,61"																	
apartamento em florianopolis alugar	BRL	500	0%	0%	Alto	72	"0,18"	"2,30"																	
apartamento em florianópolis comprar	BRL	50	0%	0%	Alto	71	"0,22"	"3,25"																	
apartamento em floripa a venda	BRL	50	0%	0%	Alto	71	"0,11"	"1,16"																	
apartamento em floripa venda	BRL	50	0%	0%	Médio	61	"0,41"	"1,61"																	
apartamento em jardim paulista	BRL	500	0%	0%	Alto	69	"1,38"	"6,83"																	
apartamento em pinheiros sp alugar	BRL	50	-100%	-100%	Desconhecido																				
apartamento em porto alegre a venda	BRL	50	0%	0%	Alto	80	"0,33"	"1,84"																	
apartamento em porto alegre rs	BRL	50	0%	∞	Desconhecido		"0,33"	"0,78"																	
apartamento em rj	BRL	50	0%	0%	Alto	70	"0,70"	"4,71"																	
apartamento em sp aluguel	BRL	5000	900%	0%	Alto	79	"0,62"	"3,95"																	
apartamento em sp preço	BRL	50	0%	0%	Alto	71																			
apartamento em são paulo alugar	BRL	5000	0%	0%	Alto	79	"0,61"	"3,77"																	
apartamento florianopolis a venda	BRL	50	0%	∞	Alto	71																			
apartamento florianopolis aluguel	BRL	500	0%	0%	Alto	72	"0,18"	"2,30"																	
apartamento florianopolis para alugar	BRL	50	0%	0%	Médio	59	"0,17"	"1,60"																	
apartamento florianópolis alugar	BRL	500	0%	0%	Alto	72	"0,18"	"2,30"																	
apartamento floripa comprar	BRL	50	0%	0%	Baixo	14																			
apartamento floripa venda	BRL	50	0%	0%	Médio	61	"0,41"	"1,61"																	
apartamento grande florianopolis	BRL	50	0%	∞	Alto	86																			
apartamento itaim aluguel	BRL	50	0%	-90%	Alto	81	"0,93"	"6,84"																	
apartamento itaim bibi alugar	BRL	500	0%	0%	Alto	81	"0,67"	"6,07"																	
apartamento jd paulista	BRL	500	0%	0%	Alto	69	"1,38"	"6,83"																	
apartamento jk para alugar em porto alegre	BRL	0	0%	0%	Desconhecido																				
apartamento kitnet para alugar em curitiba	BRL	50	0%	0%	Desconhecido																				
apartamento kitnet sao paulo	BRL	50	0%	0%	Médio	38																			
apartamento locacao pompeia	BRL	50	0%	0%	Alto	73	"0,46"	"5,21"																	
apartamento locacao sao paulo	BRL	50	0%	0%	Alto	81	"0,99"	"5,62"																	
apartamento locacao sp	BRL	50	0%	0%	Alto	81	"0,95"	"8,07"																	
apartamento locação bela vista sp	BRL	50	0%	0%	Alto	76	"0,44"	"4,95"																	
apartamento locação florianopolis	BRL	50	0%	0%	Alto	80	"0,25"	"3,80"																	
apartamento locação rio de janeiro	BRL	50	0%	0%	Alto	79	"1,07"	"13,47"																	
apartamento locação vila olimpia	BRL	50	0%	0%	Alto	86	"0,53"	"4,02"																	
apartamento moema indios	BRL	50	0%	0%	Alto	73																			
apartamento moema sp aluguel	BRL	50	0%	0%	Alto	89	"0,70"	"3,35"																	
apartamento na bela vista sp à venda	BRL	0	0%	0%	Desconhecido																				
apartamento na pompeia para alugar	BRL	500	900%	0%	Alto	74	"0,36"	"2,81"																	
apartamento na pompeia para vender	BRL	50	0%	0%	Alto	71																			
apartamento na vila madalena para alugar	BRL	50	0%	0%	Alto	86	"1,24"	"4,91"																	
apartamento na vila mariana sp	BRL	50	0%	-90%	Alto	77	"1,11"	"5,59"																	
apartamento no bela vista para alugar	BRL	50	0%	0%	Alto	78	"0,37"	"2,10"																	
apartamento no rio de janeiro alugar	BRL	500	0%	0%	Alto	79	"0,28"	"3,28"																	
apartamento no rio para alugar	BRL	50	∞	0%	Alto	80	"0,17"	"1,65"																	
apartamento no rj para alugar	BRL	50	-100%	-100%	Desconhecido																				
apartamento novo alugar	BRL	50	0%	0%	Alto	79	"0,67"	"3,62"																	
apartamento novo aluguel	BRL	50	0%	0%	Alto	86	"1,10"	"4,23"																	
apartamento novo bela vista	BRL	50	0%	0%	Alto	93	"2,41"	"6,92"																	
apartamento novo para alugar em curitiba	BRL	50	0%	0%	Desconhecido																				
apartamento para alugar a	BRL	50	0%	0%	Médio	41	"1,17"	"3,30"																	
apartamento para alugar barato em sp	BRL	50	0%	0%	Alto	76	"0,57"	"2,00"																	
apartamento para alugar com garagem	BRL	50	0%	0%	Alto	79	"0,60"	"3,34"																	
apartamento para alugar e	BRL	50	0%	0%	Baixo	20																			
apartamento para alugar em bela vista	BRL	500	0%	0%	Alto	78	"0,47"	"2,64"																	
apartamento para alugar em florianopolis sc	BRL	50	0%	0%	Alto	80	"0,22"	"1,57"																	
apartamento para alugar em florianópolis para morar	BRL	50	-100%	0%	Desconhecido																				
apartamento para alugar em moema passaros	BRL	50	0%	0%	Alto	91	"0,44"	"4,46"																	
apartamento para alugar em moema sao paulo	BRL	50	0%	0%	Alto	86																			
apartamento para alugar em pompeia sp	BRL	500	0%	0%	Alto	79	"0,25"	"2,22"																	
apartamento para alugar em rj	BRL	50	0%	0%	Alto	78	"0,29"	"2,13"																	
apartamento para alugar em sao paulo capital	BRL	50	0%	∞	Alto	88	"0,88"	"2,47"																	
apartamento para alugar em sao paulo sp	BRL	5000	900%	900%	Alto	78	"0,54"	"3,41"																	
apartamento para alugar em sao paulo vila olimpia	BRL	50	-100%	0%	Desconhecido																				
apartamento para alugar em sp barato	BRL	50	0%	0%	Alto	76	"0,57"	"2,00"																	
apartamento para alugar em sp capital	BRL	50	0%	0%	Alto	77	"0,35"	"2,06"																	
apartamento para alugar em são paulo sp	BRL	5000	900%	900%	Alto	78	"0,54"	"3,41"																	
apartamento para alugar em vila madalena	BRL	500	0%	0%	Alto	80	"0,40"	"2,93"																	
apartamento para alugar florianópolis sc	BRL	50	-100%	0%	Desconhecido																				
apartamento para alugar itaim bibi sp	BRL	50	0%	0%	Alto	85	"0,55"	"2,89"																	
apartamento para alugar na bela vista são paulo	BRL	50	0%	0%	Alto	82	"0,50"	"2,77"																	
apartamento para alugar na pompéia	BRL	500	0%	0%	Alto	80	"0,40"	"2,23"																	
apartamento para alugar na vila madalena sp	BRL	50	0%	0%	Alto	73	"0,36"	"2,92"																	
apartamento para alugar no bairro bela vista	BRL	50	0%	0%	Alto	82	"0,44"	"2,71"																	
apartamento para alugar no bairro bela vista sp	BRL	50	0%	0%	Alto	86	"0,31"	"1,50"																	
apartamento para alugar no bela vista sp	BRL	50	0%	0%	Alto	86																			
apartamento para alugar no campo belo sp	BRL	50	0%	0%	Alto	79	"0,54"	"2,59"																	
apartamento para alugar no itaim bibi sp	BRL	50	0%	0%	Alto	85	"0,55"	"2,89"																	
apartamento para alugar pequeno	BRL	50	0%	0%	Médio	51	"0,45"	"2,13"																	
apartamento para alugar pompeia sao paulo	BRL	500	0%	0%	Alto	79	"0,25"	"2,22"																	
apartamento para alugar pompéia	BRL	50	0%	0%	Médio	65	"0,49"	"2,00"																	
apartamento para alugar preço	BRL	50	∞	0%	Médio	43																			
apartamento para alugar proximo ao metro vila madalena	BRL	50	0%	0%	Alto	86	"0,43"	"5,34"																	
apartamento para alugar rio	BRL	50	0%	0%	Alto	78	"0,62"	"4,59"																	
apartamento para alugar sao paulo sp	BRL	5000	900%	900%	Alto	78	"0,54"	"3,41"																	
apartamento para alugar sp capital	BRL	50	0%	0%	Alto	77	"0,35"	"2,06"																	
apartamento para alugar são paulo capital	BRL	50	0%	0%	Médio	52																			
apartamento para alugar vila nova conceição sp	BRL	50	0%	0%	Alto	86																			
apartamento para alugar zap	BRL	50	0%	0%	Baixo	14																			
apartamento para aluguel em curitiba	BRL	500	0%	0%	Alto	71	"0,17"	"1,35"																	
apartamento para comprar em floripa	BRL	50	0%	0%	Desconhecido																				
apartamento para locação em florianopolis	BRL	50	0%	-100%	Desconhecido																				
apartamento para locação em perdizes	BRL	50	0%	0%	Alto	74	"0,76"	"3,13"																	
apartamento para locação florianopolis	BRL	50	0%	-100%	Desconhecido																				
apartamento para locação vila mariana	BRL	50	0%	0%	Alto	79	"0,59"	"2,51"																	
apartamento para morar no rio de janeiro	BRL	50	-100%	0%	Desconhecido																				
apartamento para venda em curitiba pr	BRL	50	0%	-90%	Alto	68	"0,23"	"1,72"																	
apartamento para venda em florianopolis	BRL	50	0%	0%	Alto	70	"0,20"	"2,16"																	
apartamento para vender em porto alegre rs	BRL	50	∞	0%	Alto	86																			
apartamento para vender na bela vista	BRL	50	0%	0%	Alto	79	"0,39"	"2,25"																	
apartamento para vender rj	BRL	50	0%	0%	Alto	79																			
apartamento pequeno a venda em sp	BRL	50	0%	-100%	Desconhecido																				
apartamento pequeno alugar	BRL	50	0%	-90%	Médio	48	"0,33"	"2,81"																	
apartamento pequeno aluguel	BRL	50	0%	0%	Médio	64	"0,36"	"1,66"																	
apartamento pequeno curitiba	BRL	50	∞	∞	Alto	79																			
apartamento pequeno em curitiba	BRL	50	∞	∞	Alto	79																			
apartamento pequeno para alugar em curitiba	BRL	50	∞	0%	Alto	86																			
apartamento perdizes sp alugar	BRL	50	-100%	-100%	Desconhecido																				
apartamento pinheiro	BRL	50	0%	0%	Médio	50	"0,56"	"7,60"																	
apartamento pinheiros são paulo aluguel	BRL	50	0%	0%	Desconhecido																				
apartamento poa rs	BRL	50	0%	0%	Desconhecido																				
apartamento pompéia aluguel	BRL	50	∞	0%	Médio	61	"0,11"	"2,08"																	
apartamento porto alegre rs	BRL	50	0%	∞	Desconhecido		"0,33"	"0,78"																	
apartamento rio aluguel	BRL	50	0%	0%	Alto	83	"0,40"	"4,55"																	
apartamento rio de janeiro para alugar	BRL	50	0%	0%	Alto	75	"0,28"	"2,23"																	
apartamento rj a venda	BRL	50	0%	0%	Desconhecido																				
apartamento rj venda	BRL	50	0%	0%	Alto	79																			
apartamento rs	BRL	50	∞	∞	Baixo	0																			
apartamento sao paulo capital	BRL	50	0%	0%	Médio	64	"1,67"	"6,79"																	
apartamento sao paulo para alugar	BRL	50	0%	0%	Alto	86	"0,17"	"3,13"																	
apartamento simples para alugar	BRL	50	0%	0%	Alto	69	"0,40"	"3,55"																	
apartamento usado a venda em curitiba	BRL	50	0%	-100%	Desconhecido																				
apartamento venda em florianopolis	BRL	50	0%	0%	Alto	70	"0,20"	"2,16"																	
apartamento venda em porto alegre	BRL	50	0%	0%	Médio	64	"0,47"	"3,06"																	
apartamento venda em sp	BRL	500	0%	0%	Alto	78	"0,94"	"5,13"																	
apartamento venda floripa	BRL	50	0%	0%	Médio	61	"0,41"	"1,61"																	
apartamento venda perdizes sp	BRL	50	0%	0%	Alto	80	"0,62"	"3,63"																	
apartamento venda poa	BRL	50	-100%	-100%	Desconhecido																				
apartamento vila conceição	BRL	50	∞	0%	Alto	86																			
apartamento zap imoveis	BRL	50	0%	0%	Médio	39																			
apartamento à venda curitiba	BRL	50	0%	-90%	Alto	68	"0,23"	"1,72"																	
apartamento à venda em santa catarina florianópolis	BRL	0	0%	0%	Desconhecido																				
apartamento à venda em sp	BRL	50	0%	0%	Alto	82	"0,61"	"3,93"																	
apartamento à venda florianópolis	BRL	50	0%	0%	Alto	86																			
apartamento à venda no rio de janeiro	BRL	50	0%	0%	Alto	79	"0,64"	"4,68"																	
apartamentos a venda em curitiba ate 250 mil	BRL	0	0%	0%	Desconhecido																				
apartamentos a venda em sao paulo sp	BRL	500	0%	0%	Alto	79	"1,01"	"5,10"				Y													
apartamentos a venda florianópolis sc	BRL	50	0%	0%	Alto	78	"0,20"	"1,74"																	
apartamentos alugar florianópolis	BRL	500	0%	0%	Alto	72	"0,18"	"2,30"																	
apartamentos alugar rj	BRL	50	0%	0%	Alto	79																			
apartamentos baratos em curitiba para alugar	BRL	50	0%	-100%	Desconhecido																				
apartamentos baratos para alugar em sao paulo	BRL	50	0%	0%	Médio	57	"0,57"	"3,66"																	
apartamentos e casas para alugar em curitiba	BRL	50	0%	0%	Alto	71																			
apartamentos em construção rj	BRL	50	∞	∞	Alto	100																			
apartamentos em florianopolis venda	BRL	50	0%	0%	Alto	70	"0,20"	"2,16"																	
apartamentos em florianópolis para comprar	BRL	50	0%	0%	Alto	86	"1,32"	"3,50"																	
apartamentos em floripa para comprar	BRL	50	0%	0%	Baixo	14																			
apartamentos em perdizes aluguel	BRL	50	0%	∞	Alto	86																			
apartamentos florianopolis venda	BRL	50	0%	0%	Alto	70	"0,20"	"2,16"																	
apartamentos jk a venda em porto alegre	BRL		 --	 --	Desconhecido																				
apartamentos no bela vista	BRL	50	0%	0%	Médio	57																			
apartamentos novos rj	BRL	50	0%	-100%	Desconhecido																				
apartamentos para a	BRL	50	0%	0%	Baixo	21																			
apartamentos para alugar campo belo sp	BRL	50	0%	0%	Alto	79	"0,54"	"2,59"																	
apartamentos para alugar em	BRL	50	0%	0%	Baixo	26	"0,62"	"3,64"																	
apartamentos para alugar em florianópolis sc	BRL	50	0%	0%	Alto	80	"0,22"	"1,57"																	
apartamentos para alugar em sp capital	BRL	50	0%	0%	Alto	77	"0,35"	"2,06"																	
apartamentos para alugar na grande florianopolis	BRL	50	0%	0%	Desconhecido																				
apartamentos para alugar proximos a mim	BRL	50	0%	0%	Alto	79	"1,05"	"1,87"																	
apartamentos para aluguel curitiba	BRL	500	0%	0%	Alto	71	"0,17"	"1,35"																	
apartamentos para vendas	BRL	500	0%	0%	Alto	68	"1,46"	"6,50"																	
apartamentos rio de janeiro alugar	BRL	50	0%	0%	Alto	86																			
apartamentos rio de janeiro venda	BRL	50	0%	0%	Alto	79	"0,64"	"4,68"																	
apartamentos santa catarina florianópolis	BRL	50	-100%	0%	Desconhecido																				
apartamentos usados a venda em sp	BRL	50	0%	0%	Alto	86																			
apartamentos à venda curitiba	BRL	50	0%	-90%	Alto	68	"0,23"	"1,72"																	
apartamentos à venda em curitiba com fotos	BRL		 --	 --	Desconhecido																				
apartamentos à venda em sp	BRL	500	0%	0%	Alto	78	"0,94"	"5,13"																	
apartamentos à venda florianópolis	BRL	50	0%	0%	Desconhecido																				
apartamentos à venda na vila mariana	BRL	500	0%	0%	Alto	81	"1,01"	"5,86"																	
apartamentos à venda no rio de janeiro	BRL	50	0%	0%	Alto	79	"0,64"	"4,68"																	
apartamentos à venda rio de janeiro	BRL	50	0%	0%	Alto	79	"0,64"	"4,68"																	
apartamentos à venda rj	BRL	50	0%	0%	Alto	79																			
ape em sao paulo	BRL	500	0%	0%	Alto	78	"1,57"	"6,87"																	
aps em sao paulo	BRL	50	0%	0%	Alto	68	"0,73"	"3,83"																	
aps para alugar	BRL	500	0%	0%	Alto	76	"0,61"	"2,90"																	
aps para alugar em sp	BRL	50	0%	0%	Alto	81	"0,66"	"6,41"																	
apt rio de janeiro	BRL	500	0%	0%	Alto	73	"0,70"	"4,62"																	
apto comprar porto alegre	BRL	50	∞	0%	Alto	77	"0,84"	"3,04"																	
apto em florianopolis para comprar	BRL	50	0%	∞	Alto	83	"0,64"	"7,87"																	
apto em sao paulo para vender	BRL	50	∞	0%	Alto	86	"0,53"	"3,68"																	
apto moema alugar	BRL	5000	0%	-90%	Alto	80	"0,55"	"3,87"																	
apto na bela vista sp	BRL	500	0%	0%	Médio	57	"0,49"	"3,65"																	
apto para alugar em	BRL	50	0%	0%	Baixo	26	"0,62"	"3,64"																	
apto rio	BRL	50	0%	0%	Médio	49	"0,58"	"4,68"																	
aptos a venda curitiba	BRL	50	0%	-100%	Desconhecido																				
aptos a venda em florianopolis	BRL	50	-100%	0%	Desconhecido																				
aptos a venda em florianópolis	BRL	50	0%	-100%	Desconhecido																				
aptos a venda em moema	BRL	50	0%	0%	Médio	66	"0,21"	"1,37"																	
aptos a venda em perdizes	BRL	50	0%	0%	Médio	51	"0,25"	"1,61"																	
aptos a venda em perdizes sp	BRL	50	0%	0%	Médio	49	"0,22"	"0,79"																	
aptos a venda em pinheiros	BRL	50	0%	0%	Alto	73	"0,20"	"1,64"																	
aptos a venda em sao paulo	BRL	50	0%	0%	Alto	70	"0,45"	"2,56"				Y													
aptos a venda em sp	BRL	50	0%	0%	Alto	81	"0,93"	"4,63"																	
aptos a venda florianopolis	BRL	50	0%	0%	Médio	57																			
aptos a venda na bela vista sp	BRL	50	0%	0%	Médio	64																			
aptos a venda na vila mariana	BRL	50	0%	0%	Alto	79	"0,27"	"2,67"																	
aptos a venda porto alegre	BRL	50	-100%	0%	Desconhecido																				
aptos a venda rio de janeiro	BRL	50	∞	0%	Alto	71																			
aptos a venda sp	BRL	50	0%	0%	Alto	68	"1,31"	"7,99"				Y													
aptos a venda vila mariana	BRL	50	0%	0%	Médio	55	"0,22"	"2,01"																	
aptos alugar	BRL	50	0%	0%	Alto	76	"0,33"	"1,32"																	
aptos alugar curitiba	BRL	50	0%	-100%	Desconhecido																				
aptos alugar sp	BRL	500	0%	0%	Alto	80	"0,71"	"4,41"																	
aptos aluguel	BRL	50	0%	0%	Médio	57																			
aptos curitiba	BRL	50	∞	0%	Alto	86																			
aptos em curitiba	BRL	50	0%	∞	Alto	71																			
aptos em curitiba para venda	BRL	50	0%	0%	Alto	76	"0,18"	"1,27"																	
aptos em florianópolis	BRL	50	∞	0%	Baixo	29																			
aptos em porto alegre	BRL	50	0%	0%	Desconhecido																				
aptos em sao paulo	BRL	50	0%	0%	Alto	68	"0,73"	"3,83"																	
aptos em sp	BRL	50	0%	0%	Alto	76	"0,75"	"6,73"																	
aptos moema	BRL	50	0%	0%	Alto	74	"0,33"	"2,08"																	
aptos para alugar curitiba	BRL	50	0%	-100%	Desconhecido																				
aptos para alugar em curitiba	BRL	50	0%	0%	Baixo	29																			
aptos para alugar em pinheiros	BRL	50	0%	0%	Alto	84	"0,48"	"4,96"																	
aptos para alugar em sao paulo	BRL	50	0%	0%	Alto	82	"0,95"	"3,68"																	
aptos para alugar em são paulo	BRL	50	0%	0%	Alto	82	"0,95"	"3,68"																	
aptos para alugar florianopolis	BRL	50	-100%	0%	Desconhecido																				
aptos para alugar na vila mariana	BRL	50	0%	0%	Médio	60	"0,17"	"1,94"																	
aptos para alugar rio de janeiro	BRL	50	∞	0%	Alto	74	"0,71"	"3,51"																	
aptos para alugar sp	BRL	50	0%	0%	Alto	80	"1,18"	"4,12"																	
aptos para alugar vila mariana	BRL	50	0%	0%	Alto	70	"0,35"	"3,14"																	
aptos para comprar em curitiba	BRL	50	∞	∞	Alto	71																			
aptos porto alegre	BRL	50	0%	∞	Alto	71																			
aptos sao paulo	BRL	50	0%	0%	Alto	79	"0,27"	"4,09"				Y													
aptos sp	BRL	50	-100%	-100%	Desconhecido																				
aptos venda curitiba	BRL	50	0%	∞	Médio	64																			
aptos vila mariana	BRL	50	0%	0%	Médio	63	"0,30"	"2,49"																	
bela vista alugar	BRL	50	0%	0%	Alto	71	"0,50"	"2,93"																	
bela vista sao paulo aluguel	BRL	50	-100%	-100%	Desconhecido																				
bela vista sp aluguel	BRL	500	0%	0%	Alto	78	"0,40"	"2,45"																	
brasília imóveis	BRL	50	0%	0%	Alto	71																			
busca imoveis porto alegre	BRL	0	0%	0%	Desconhecido																				
campo belo apartamento alugar	BRL	50	0%	0%	Alto	81	"0,62"	"5,54"																	
campo belo sp aluguel	BRL	50	0%	0%	Alto	86	"0,17"	"2,22"																	
campo belo sp apartamentos	BRL	50	∞	∞	Médio	64																			
casa a venda curitiba pr	BRL	50	0%	0%	Alto	68	"0,09"	"0,63"																	
casa a venda em curitiba brasil	BRL	50	0%	0%	Desconhecido																				
casa a venda em florianopolis praia	BRL	0	0%	0%	Desconhecido																				
casa a venda em florianopolis santa catarina	BRL	50	0%	0%	Médio	62	"0,20"	"1,21"																	
casa a venda em florianopolis sc	BRL	50	0%	0%	Médio	62	"0,20"	"1,21"																	
casa a venda em rj	BRL	50	0%	0%	Médio	66	"0,19"	"1,48"																	
casa a venda em sao paulo sp	BRL	50	0%	0%	Alto	68	"0,38"	"3,58"																	
casa a venda em sp capital	BRL	50	0%	0%	Alto	77	"0,31"	"2,23"																	
casa a venda em sãopaulo	BRL	500	0%	0%	Alto	70	"0,41"	"3,06"																	
casa a venda florianopolis brasil	BRL	0	0%	0%	Desconhecido																				
casa a venda florianopolis sc	BRL	50	0%	0%	Médio	62	"0,20"	"1,21"																	
casa a venda florianópolis sc	BRL	50	0%	0%	Alto	74	"0,11"	"0,65"																	
casa a venda floripa	BRL	50	0%	0%	Alto	72	"0,19"	"1,12"																	
casa a venda no rio	BRL	50	0%	0%	Médio	50																			
casa a venda no rj	BRL	50	0%	0%	Médio	66	"0,19"	"1,48"																	
casa a venda poa rs	BRL	50	-100%	-100%	Desconhecido																				
casa a venda porto alegre rs	BRL	50	0%	0%	Alto	71																			
casa a venda rio	BRL	50	∞	0%	Baixo	0																			
casa a venda rio de janeiro rj	BRL	50	0%	∞	Médio	43																			
casa alugando perto de mim	BRL	500	0%	0%	Alto	75	"0,48"	"2,33"																	
casa alugando rj	BRL	50	0%	0%	Alto	69	"0,26"	"1,66"																	
casa alugar curitiba pr	BRL	500	0%	0%	Alto	71	"0,17"	"0,90"																	
casa alugar em florianopolis	BRL	500	900%	0%	Alto	72	"0,17"	"2,51"																	
casa alugar em florianópolis	BRL	500	900%	0%	Alto	72	"0,17"	"2,51"																	
casa alugar em floripa	BRL	50	0%	0%	Alto	74	"0,17"	"1,60"																	
casa alugar em porto alegre	BRL	50	0%	0%	Médio	53	"0,18"	"1,31"																	
casa alugar em sao paulo	BRL	5000	0%	0%	Alto	77	"0,43"	"1,96"																	
casa alugar em sp	BRL	5000	0%	-90%	Alto	76	"0,38"	"1,70"																	
casa alugar em são paulo	BRL	5000	0%	0%	Alto	77	"0,43"	"1,96"																	
casa aluguel anual florianopolis	BRL	50	0%	0%	Desconhecido																				
casa aluguel anual florianópolis	BRL	50	0%	0%	Alto	69	"0,14"	"0,69"																	
casa aluguel em curitiba	BRL	500	0%	0%	Alto	71	"0,17"	"0,90"																	
casa aluguel rio	BRL	50	0%	0%	Alto	70	"0,41"	"1,62"																	
casa anual florianopolis	BRL	50	∞	∞	Alto	86																			
casa anual florianópolis	BRL	50	∞	∞	Alto	86																			
casa avenda em curitiba	BRL	50	0%	0%	Médio	63	"0,19"	"0,93"																	
casa avenda em sao paulo	BRL	0	0%	0%	Desconhecido																				
casa barata curitiba	BRL	50	0%	0%	Alto	71	"0,26"	"1,68"																	
casa comprar florianopolis	BRL	50	0%	0%	Alto	79	"0,15"	"1,08"																	
casa comprar florianópolis	BRL	50	0%	0%	Alto	79	"0,15"	"1,08"																	
casa comprar rio de janeiro	BRL	50	0%	0%	Alto	77	"0,31"	"1,50"																	
casa comprar rj	BRL	50	0%	0%	Alto	69	"0,24"	"3,51"																	
casa comprar sao paulo	BRL	500	0%	0%	Alto	77	"0,75"	"4,84"																	
casa comprar sp	BRL	500	0%	-90%	Alto	75	"0,55"	"4,52"																	
casa curitiba a venda	BRL	50	0%	0%	Alto	76	"0,19"	"0,67"																	
casa curitiba alugar	BRL	500	0%	0%	Alto	71	"0,17"	"0,90"																	
casa curitiba aluguel	BRL	500	0%	0%	Alto	71	"0,17"	"0,90"																	
casa curitiba comprar	BRL	50	0%	0%	Alto	69	"0,28"	"1,33"																	
casa curitiba pr	BRL	500	900%	0%	Médio	61	"0,20"	"1,26"																	
casa de aluguel curitiba	BRL	50	0%	0%	Alto	71	"0,17"	"1,18"																	
casa de aluguel em curitiba	BRL	50	0%	0%	Alto	71	"0,17"	"1,18"																	
casa de aluguel em florianópolis	BRL	50	0%	0%	Alto	84	"0,26"	"2,99"																	
casa de aluguel em sao paulo	BRL	5000	0%	0%	Alto	79	"0,44"	"2,04"																	
casa de aluguel em sp	BRL	500	0%	0%	Médio	66	"0,45"	"2,04"																	
casa de aluguel em são paulo	BRL	5000	0%	0%	Alto	79	"0,44"	"2,04"																	
casa de aluguel perto de mim	BRL	500	0%	0%	Alto	76	"0,32"	"1,74"																	
casa de aluguel sao paulo	BRL	500	0%	0%	Alto	76	"0,38"	"2,13"																	
casa de aluguel sp	BRL	500	0%	0%	Médio	66	"0,45"	"2,04"																	
casa de rio de janeiro	BRL	50	∞	0%	Médio	33																			
casa do rio de janeiro	BRL	50	0%	0%	Baixo	3																			
casa em curitiba alugar	BRL	500	0%	0%	Alto	71	"0,17"	"0,90"																	
casa em curitiba aluguel	BRL	500	0%	0%	Alto	71	"0,17"	"0,90"																	
casa em curitiba comprar	BRL	50	0%	0%	Alto	69	"0,28"	"1,33"																	
casa em curitiba para venda	BRL	50	0%	-100%	Desconhecido																				
casa em curitiba pr	BRL	500	900%	0%	Médio	61	"0,20"	"1,26"																	
casa em curitiba venda	BRL	50	0%	0%	Médio	63	"0,19"	"0,93"																	
casa em florianopolis a venda	BRL	50	0%	0%	Médio	62	"0,13"	"0,68"																	
casa em florianopolis aluguel	BRL	500	900%	0%	Alto	72	"0,17"	"2,51"																	
casa em florianopolis para alugar	BRL	50	0%	0%	Médio	60	"0,15"	"1,03"																	
casa em florianópolis a venda	BRL	50	0%	0%	Médio	66	"0,20"	"0,77"																	
casa em rio de janeiro	BRL	500	0%	0%	Médio	51	"0,47"	"2,96"																	
casa em rj	BRL	50	0%	0%	Médio	45	"0,31"	"2,08"																	
casa em sao paulo aluguel	BRL	50	0%	0%	Alto	69	"0,44"	"6,29"																	
casa em sp a venda	BRL	500	0%	0%	Alto	73	"0,35"	"3,01"																	
casa em são paulo a venda	BRL	50	-90%	0%	Alto	75	"0,64"	"3,64"																	
casa florianopolis alugar	BRL	500	900%	0%	Alto	72	"0,17"	"2,51"																	
casa florianopolis aluguel	BRL	500	900%	0%	Alto	72	"0,17"	"2,51"																	
casa florianopolis comprar	BRL	50	0%	0%	Alto	79	"0,15"	"1,08"																	
casa florianopolis venda	BRL	50	0%	0%	Alto	70	"0,18"	"1,24"																	
casa florianópolis aluguel	BRL	500	900%	0%	Alto	72	"0,17"	"2,51"																	
casa florianópolis venda	BRL	50	0%	0%	Alto	70	"0,18"	"1,24"																	
casa individual alugar	BRL	50	-100%	-100%	Desconhecido																				
casa locacao curitiba	BRL	50	0%	0%	Alto	74	"0,29"	"2,73"																	
casa locação florianopolis	BRL	50	0%	0%	Alto	86	"0,36"	"5,10"																	
casa no rj	BRL	50	0%	0%	Médio	45	"0,31"	"2,08"																	
casa para alugar anual em florianopolis	BRL	50	0%	0%	Alto	69	"0,14"	"0,69"																	
casa para alugar anual em florianópolis	BRL	50	0%	0%	Alto	69	"0,14"	"0,69"																	
casa para alugar anual florianopolis	BRL	50	0%	0%	Alto	69	"0,14"	"0,69"																	
casa para alugar anual florianópolis	BRL	50	0%	0%	Alto	69	"0,14"	"0,69"																	
casa para alugar em a	BRL	50	∞	0%	Baixo	0																			
casa para alugar em curitiba parana	BRL	500	0%	0%	Alto	71	"0,17"	"0,90"																	
casa para alugar em curitiba paraná	BRL	500	0%	0%	Alto	71	"0,17"	"0,90"																	
casa para alugar em florianopolis anual	BRL	50	0%	0%	Alto	69	"0,14"	"0,69"																	
casa para alugar em florianopolis sc	BRL	50	∞	0%	Médio	64	"0,08"	"0,56"																	
casa para alugar em florianópolis santa catarina	BRL	50	0%	0%	Desconhecido																				
casa para alugar em florianópolis sc	BRL	50	0%	0%	Alto	72	"0,17"	"1,97"																	
casa para alugar em rj	BRL	50	0%	0%	Alto	69	"0,26"	"1,66"																	
casa para alugar em s	BRL	50	0%	0%	Médio	33	"0,34"	"1,88"																	
casa para alugar em sao paulo sp	BRL	5000	0%	0%	Alto	78	"0,39"	"1,80"																	
casa para alugar em são paulo sp	BRL	50	0%	0%	Alto	67	"0,30"	"1,40"																	
casa para alugar em sãopaulo	BRL	500	0%	0%	Alto	76	"0,35"	"1,88"																	
casa para alugar florianópolis sc	BRL	50	∞	0%	Alto	82	"0,27"	"2,26"																	
casa para alugar na grande florianopolis	BRL	50	0%	-100%	Desconhecido																				
casa para alugar sao paulo sp	BRL	5000	0%	0%	Alto	78	"0,39"	"1,80"																	
casa para alugar são paulo sp	BRL	5000	0%	0%	Alto	78	"0,39"	"1,80"																	
casa para alugar zap	BRL	50	0%	0%	Médio	43	"0,14"	"1,58"																	
casa para alugar zap imoveis	BRL	50	0%	0%	Médio	45	"0,31"	"1,17"																	
casa para alugar zona norte de porto alegre	BRL	50	-100%	0%	Desconhecido																				
casa para aluguel curitiba	BRL	500	0%	0%	Alto	71	"0,17"	"0,90"																	
casa para aluguel em curitiba	BRL	500	0%	0%	Alto	71	"0,17"	"0,90"																	
casa para compra em curitiba	BRL	50	0%	0%	Alto	69	"0,28"	"1,33"																	
casa para comprar em floripa	BRL	50	∞	0%	Alto	86																			
casa para comprar florianopolis	BRL	50	0%	0%	Alto	79	"0,15"	"1,08"																	
casa para comprar florianópolis	BRL	50	0%	0%	Alto	79	"0,15"	"1,08"																	
casa para locacao em curitiba	BRL	50	0%	0%	Alto	74	"0,29"	"2,73"																	
casa para venda em florianopolis	BRL	50	0%	0%	Alto	70	"0,18"	"1,24"																	
casa para venda em sp	BRL	500	-90%	-90%	Alto	67	"0,53"	"3,18"																	
casa para venda florianopolis	BRL	50	0%	0%	Alto	70	"0,18"	"1,24"																	
casa para venda no rio de janeiro	BRL	50	0%	0%	Alto	70	"0,26"	"1,74"																	
casa para venda rio de janeiro	BRL	50	0%	0%	Alto	70	"0,26"	"1,74"																	
casa para venda rj	BRL	50	∞	0%	Alto	71																			
casa para venda sao paulo	BRL	500	0%	0%	Alto	74	"0,58"	"3,74"																	
casa para venda sp	BRL	500	-90%	-90%	Alto	67	"0,53"	"3,18"																	
casa para vender em florianopolis br	BRL	0	0%	0%	Desconhecido																				
casa para vender em floripa	BRL	50	0%	0%	Alto	79																			
casa para vender florianópolis	BRL	50	0%	0%	Alto	70	"0,18"	"1,24"																	
casa para vender no rj	BRL	50	∞	0%	Alto	71																			
casa pequena para alugar em curitiba	BRL	50	-100%	0%	Desconhecido																				
casa porto alegre venda	BRL	50	0%	0%	Médio	59	"0,38"	"1,89"																	
casa rio de janeiro aluguel	BRL	500	0%	0%	Alto	72	"0,25"	"1,71"																	
casa rio de janeiro venda	BRL	50	0%	0%	Alto	70	"0,26"	"1,74"																	
casa rio janeiro	BRL	50	0%	∞	Alto	71																			
casa sao paulo alugar	BRL	5000	0%	0%	Alto	77	"0,43"	"1,96"																	
casa sao paulo aluguel	BRL	5000	0%	0%	Alto	77	"0,43"	"1,96"																	
casa sao paulo comprar	BRL	50	0%	0%	Alto	69	"0,25"	"10,73"																	
casa sao paulo sp	BRL	50	0%	0%	Médio	59	"0,58"	"2,86"																	
casa sao paulo venda	BRL	500	0%	0%	Alto	74	"0,58"	"3,74"																	
casa são paulo sp	BRL	50	0%	0%	Médio	59	"0,58"	"2,86"																	
casa terrea a venda em curitiba	BRL	50	0%	0%	Médio	52																			
casa venda em curitiba	BRL	50	0%	0%	Médio	63	"0,19"	"0,93"																	
casa venda floripa	BRL	50	0%	0%	Alto	79																			
casa venda rj	BRL	50	∞	0%	Alto	71																			
casa à venda curitiba	BRL	50	0%	0%	Médio	63	"0,19"	"0,93"																	
casa à venda no rio de janeiro	BRL	50	0%	0%	Médio	66	"0,06"	"1,40"																	
casas a venda curitiba parana	BRL	50	0%	0%	Alto	68	"0,09"	"0,63"																	
casas a venda em curitiba ate 300 mil	BRL	50	0%	0%	Desconhecido																				
casas a venda em curitiba ate 400 mil	BRL	50	0%	0%	Desconhecido																				
casas a venda em curitiba parana	BRL	50	∞	0%	Alto	76	"0,10"	"0,52"																	
casas a venda em florianopolis perto da praia	BRL	50	∞	0%	Alto	86																			
casas a venda em poa rs	BRL	50	-100%	-100%	Desconhecido																				
casas a venda em são paulo sp	BRL	50	0%	0%	Alto	79	"0,31"	"2,67"																	
casas a venda grande florianopolis	BRL	50	0%	0%	Desconhecido																				
casas a venda na grande florianópolis	BRL	50	0%	0%	Desconhecido																				
casas a venda no interior do rio de janeiro	BRL	50	0%	0%	Desconhecido																				
casas a venda no rio de janeiro rj	BRL	50	0%	∞	Médio	43																			
casas a venda são paulo sp	BRL	500	0%	0%	Alto	76	"0,48"	"3,40"																	
casas alugar florianópolis	BRL	500	900%	0%	Alto	72	"0,17"	"2,51"																	
casas alugar floripa	BRL	50	0%	0%	Alto	74	"0,17"	"1,60"																	
casas aluguel anual em florianopolis sc	BRL	0	0%	-100%	Desconhecido																				
casas antigas para alugar em sp	BRL	50	0%	0%	Baixo	22	"0,41"	"1,94"																	
casas baratas a venda em curitiba	BRL	50	0%	0%	Desconhecido																				
casas baratas em curitiba para alugar	BRL	50	0%	0%	Desconhecido																				
casas baratas em curitiba para comprar	BRL	50	-100%	0%	Desconhecido																				
casas baratas em florianópolis para alugar	BRL	50	0%	0%	Desconhecido																				
casas baratas para alugar em curitiba	BRL	50	0%	0%	Alto	86																			
casas baratas para alugar em sp	BRL	50	0%	0%	Alto	79	"0,73"	"3,79"																	
casas baratas para alugar em são paulo	BRL	50	0%	0%	Alto	75	"0,40"	"1,57"																	
casas bonitas em são paulo	BRL	50	-100%	-100%	Desconhecido																				
casas bonitas para alugar	BRL	50	0%	0%	Médio	57	"0,35"	"0,96"																	
casas de aluguel em florianopolis	BRL	50	0%	0%	Alto	84	"0,26"	"2,99"																	
casas de aluguel em porto alegre	BRL	50	∞	∞	Alto	86																			
casas de aluguel florianopolis	BRL	50	0%	0%	Alto	84	"0,26"	"2,99"																	
casas de aluguel florianopolis sc	BRL	50	∞	0%	Médio	43																			
casas de aluguel porto alegre	BRL	50	∞	∞	Alto	86																			
casas de curitiba	BRL	50	0%	0%	Médio	45																			
casas de sao paulo	BRL	50	0%	0%	Baixo	14	"0,48"	"4,05"																	
casas de são paulo	BRL	50	900%	900%	Baixo	19	"1,34"	"5,08"																	
casas do rio de janeiro	BRL	50	0%	0%	Baixo	3																			
casas e apartamentos a venda em florianopolis sc	BRL	50	∞	∞	Alto	71																			
casas e apartamentos a venda em goiania	BRL	50	0%	-100%	Desconhecido																				
casas e apartamentos para alugar em são paulo	BRL	50	0%	∞	Médio	64																			
casas em curitiba comprar	BRL	50	0%	0%	Alto	69	"0,28"	"1,33"																	
casas em curitiba preço	BRL	50	0%	0%	Desconhecido																				
casas em florianopolis para alugar anual	BRL	50	0%	0%	Desconhecido																				
casas em florianopolis para comprar	BRL	50	0%	∞	Baixo	29																			
casas em florianopolis para venda	BRL	50	0%	-100%	Desconhecido																				
casas em florianópolis aluguel	BRL	500	900%	0%	Alto	72	"0,17"	"2,51"																	
casas em florianópolis para venda	BRL	50	0%	-100%	Desconhecido																				
casas em florianópolis venda	BRL	50	∞	0%	Baixo	0																			
casas em florianópolis à venda	BRL	50	-100%	0%	Desconhecido																				
casas em floripa a venda	BRL	50	0%	0%	Alto	72	"0,19"	"1,12"																	
casas em floripa para comprar	BRL	50	-100%	-100%	Desconhecido																				
casas em porto alegre venda	BRL	50	0%	0%	Médio	59	"0,38"	"1,89"																	
casas em rio de janeiro a venda	BRL	50	0%	0%	Médio	48	"0,28"	"2,12"																	
casas em santa catarina florianópolis	BRL	50	-100%	0%	Desconhecido																				
casas em sp para comprar	BRL	50	0%	0%	Médio	58	"0,62"	"2,54"																	
casas em são paulo para vender	BRL	50	∞	0%	Alto	71																			
casas financiadas em curitiba	BRL	50	0%	0%	Alto	86																			
casas florianopolis aluguel anual	BRL	50	0%	0%	Alto	69	"0,14"	"0,69"																	
casas floripa aluguel	BRL	50	0%	0%	Alto	74	"0,17"	"1,60"																	
casas locação são paulo	BRL	50	0%	0%	Alto	72	"0,36"	"1,62"																	
casas no rio de janeiro a venda	BRL	50	0%	0%	Médio	48	"0,28"	"2,12"																	
casas no rio de janeiro para comprar	BRL	50	0%	-100%	Desconhecido																				
casas no rio de janeiro para vender	BRL	50	∞	∞	Alto	83	"0,31"	"0,82"																	
casas no rj a venda	BRL	50	0%	0%	Desconhecido																				
casas novas a venda curitiba	BRL	50	0%	0%	Alto	71																			
casas novas a venda em porto alegre	BRL	0	0%	0%	Desconhecido																				
casas novas a venda em sp	BRL	50	0%	0%	Alto	93																			
casas novas para alugar	BRL	50	0%	0%	Médio	63	"0,23"	"1,88"																	
casas ou apartamentos para alugar em curitiba	BRL	50	∞	0%	Alto	86																			
casas para alugar com quintal sp	BRL	50	0%	0%	Médio	61	"0,25"	"1,41"																	
casas para alugar curitiba e região	BRL	50	0%	0%	Alto	86																			
casas para alugar curitiba parana	BRL	500	0%	0%	Alto	71	"0,17"	"0,90"																	
casas para alugar em curitiba barato	BRL	50	0%	∞	Médio	37	"0,17"	"0,40"																	
casas para alugar em curitiba particular	BRL	0	0%	0%	Desconhecido																				
casas para alugar em poa rs	BRL	50	0%	-100%	Desconhecido																				
casas para alugar em porto alegre rio grande do sul	BRL	50	0%	0%	Médio	61	"0,17"	"1,12"																	
casas para alugar em sao paulo barato	BRL	50	∞	∞	Baixo	0																			
casas para alugar em sao paulo capital	BRL	50	0%	0%	Alto	80	"0,45"	"1,69"																	
casas para alugar em sp capital	BRL	50	0%	0%	Médio	55	"0,37"	"0,87"																	
casas para alugar florianopolis anual	BRL	50	0%	0%	Alto	69	"0,14"	"0,69"																	
casas para alugar floripa anual	BRL	50	0%	0%	Desconhecido																				
casas para alugar grande florianopolis	BRL	50	∞	0%	Alto	86																			
casas para alugar mensal em florianopolis sc	BRL	50	0%	0%	Desconhecido																				
casas para alugar mensal florianopolis	BRL	50	0%	0%	Desconhecido																				
casas para alugar na grande florianópolis	BRL	50	0%	0%	Desconhecido																				
casas para alugar na ilha de florianopolis	BRL	50	0%	0%	Desconhecido																				
casas para alugar na zona norte de porto alegre rs	BRL		 --	 --	Desconhecido																				
casas para alugar no centro de são paulo	BRL	500	0%	0%	Alto	77	"0,41"	"1,93"																	
casas para alugar no zap	BRL	50	0%	0%	Médio	43	"0,14"	"1,58"																	
casas para alugar poa rs	BRL	50	0%	-100%	Desconhecido																				
casas para alugar próximo	BRL	50	0%	0%	Médio	59	"0,28"	"1,63"																	
casas para alugar próximo a minha localização	BRL	50	0%	0%	Alto	78	"0,50"	"3,83"																	
casas para alugar rio de janeiro rj	BRL	50	∞	0%	Médio	66	"0,23"	"1,70"																	
casas para alugar santa catarina florianopolis	BRL	50	-100%	0%	Desconhecido																				
casas para alugar sao paulo capital	BRL	50	0%	0%	Alto	80	"0,45"	"1,69"																	
casas para alugar sozinha no terreno em curitiba	BRL	0	0%	0%	Desconhecido																				
casas para alugar são paulo capital	BRL	50	0%	0%	Alto	80	"0,45"	"1,69"																	
casas para alugar zona norte porto alegre rs	BRL	50	0%	0%	Desconhecido																				
casas para aluguel anual em florianópolis	BRL	50	0%	0%	Desconhecido																				
casas para comprar em florianopolis baratas	BRL	50	-100%	0%	Desconhecido																				
casas para comprar em florianopolis sc	BRL	50	0%	∞	Alto	71																			
casas para comprar em florianópolis santa catarina	BRL	50	0%	0%	Desconhecido																				
casas para comprar em rio de janeiro	BRL	50	0%	0%	Alto	67	"0,46"	"2,63"																	
casas para comprar sao paulo	BRL	5000	0%	0%	Alto	77	"0,80"	"4,61"																	
casas para financiar em florianópolis	BRL	50	0%	0%	Desconhecido																				
casas para locação em florianopolis	BRL	50	0%	0%	Alto	86	"0,36"	"5,10"																	
casas para locação em florianopolis sc	BRL	50	0%	0%	Alto	71																			
casas para venda em curitiba pr	BRL	50	0%	0%	Alto	71																			
casas para venda em florianopolis	BRL	50	0%	0%	Alto	70	"0,18"	"1,24"																	
casas para venda em sp	BRL	500	-90%	-90%	Alto	67	"0,53"	"3,18"																	
casas para venda sao paulo	BRL	500	0%	0%	Alto	74	"0,58"	"3,74"																	
casas para venda sp	BRL	500	-90%	-90%	Alto	67	"0,53"	"3,18"																	
casas para vender curitiba	BRL	50	0%	0%	Médio	63	"0,19"	"0,93"																	
casas para vender em florianopolis sc	BRL	50	0%	0%	Alto	67																			
casas para vender em florianópolis com escritura pública	BRL	0	0%	0%	Desconhecido																				
casas para vender em florianópolis santa catarina	BRL	50	0%	0%	Desconhecido																				
casas para vender em rio de janeiro	BRL	50	0%	0%	Alto	70	"0,26"	"1,74"																	
casas para vender em santa catarina florianopolis	BRL	50	0%	0%	Alto	67																			
casas para vender são paulo	BRL	500	0%	0%	Alto	74	"0,58"	"3,74"																	
casas pequenas a venda em sp	BRL	50	0%	0%	Médio	62	"0,53"	"2,59"																	
casas pequenas para alugar em curitiba	BRL	0	0%	0%	Desconhecido																				
casas perto de mim para alugar	BRL	50	0%	0%	Alto	77	"0,56"	"2,97"																	
casas rio de janeiro a venda	BRL	50	0%	∞	Alto	86																			
casas rio de janeiro comprar	BRL	50	0%	0%	Alto	86																			
casas rj a venda	BRL	50	0%	0%	Desconhecido																				
casas rj aluguel	BRL	50	0%	0%	Alto	69	"0,26"	"1,66"																	
casas terreas para alugar em curitiba	BRL	50	∞	∞	Alto	86																			
casas venda em curitiba pr	BRL	50	0%	0%	Alto	71																			
casas venda em florianopolis sc	BRL	50	0%	0%	Alto	67																			
casas venda em porto alegre	BRL	50	0%	0%	Médio	59	"0,38"	"1,89"																	
casas venda sao paulo	BRL	500	0%	0%	Alto	74	"0,58"	"3,74"																	
casas vendendo em são paulo	BRL	50	0%	0%	Desconhecido																				
casas à venda em curitiba paraná	BRL	50	0%	0%	Alto	71																			
casas à venda em florianópolis santa catarina	BRL	50	0%	0%	Alto	67																			
casas à venda em porto	BRL	50	∞	∞	Baixo	0																			
casas à venda em rio de janeiro	BRL	50	0%	0%	Médio	66	"0,06"	"1,40"																	
casas à venda em santa catarina florianópolis	BRL	50	-100%	0%	Desconhecido																				
casas à venda em sp	BRL	500	-90%	-90%	Alto	67	"0,53"	"3,18"																	
casas à venda florianópolis	BRL	50	0%	0%	Alto	70	"0,18"	"1,24"																	
casas à venda perto de mim	BRL	50	0%	0%	Alto	75	"0,57"	"3,44"																	
casas à venda porto alegre	BRL	50	0%	0%	Médio	59	"0,38"	"1,89"																	
casas à venda sp	BRL	500	-90%	-90%	Alto	67	"0,53"	"3,18"																	
casinha para alugar	BRL	5000	0%	0%	Alto	68	"0,39"	"1,76"																	
classificados goiania imoveis	BRL	0	0%	0%	Desconhecido																				
classificados zap imoveis aluguel	BRL	0	0%	0%	Desconhecido																				
compra de apartamento em florianopolis	BRL	50	-100%	0%	Desconhecido																				
compra de apartamento em sp	BRL	50	0%	0%	Alto	86	"3,06"	"8,41"																	
compra de apartamento são paulo	BRL	50	0%	0%	Alto	83	"3,98"	"17,99"																	
compra de imoveis df	BRL	0	0%	0%	Desconhecido																				
compra de imoveis fortaleza	BRL	50	0%	0%	Alto	71																			
compra de imoveis porto alegre	BRL	50	0%	0%	Desconhecido																				
compra de imóveis sp	BRL	50	0%	0%	Alto	86	"0,97"	"6,74"																	
compra e venda de imoveis rio de janeiro	BRL	50	0%	0%	Desconhecido																				
compra e venda de imoveis rj	BRL	0	0%	0%	Desconhecido																				
comprar ap em curitiba	BRL	50	0%	0%	Alto	86	"0,49"	"4,22"																	
comprar apartamento em floripa	BRL	50	-100%	0%	Desconhecido																				
comprar apartamento floripa	BRL	50	0%	-100%	Desconhecido																				
comprar apartamento na bela vista	BRL	500	0%	900%	Alto	83	"0,70"	"5,03"																	
comprar apartamento no campo belo	BRL	50	0%	0%	Alto	89	"1,68"	"6,42"																	
comprar apartamento no itaim bibi	BRL	50	0%	0%	Alto	86																			
comprar apartamento rio	BRL	50	0%	0%	Alto	86																			
comprar apartamentos em são paulo	BRL	500	0%	0%	Alto	81	"1,72"	"8,21"																	
comprar apto em florianopolis	BRL	50	0%	0%	Alto	71	"0,22"	"3,25"																	
comprar casa em floripa	BRL	50	∞	0%	Médio	43																			
comprar casa em sao paulo brasil	BRL	50	0%	0%	Desconhecido																				
comprar casa florianopolis brasil	BRL	0	0%	0%	Desconhecido																				
comprar casa floripa	BRL	50	-100%	-100%	Desconhecido																				
comprar casa no rj	BRL	50	0%	0%	Alto	82	"0,46"	"1,68"																	
comprar casa rio	BRL	50	∞	∞	Alto	86																			
comprar casa sao paulo brasil	BRL	50	0%	0%	Desconhecido																				
comprar casas em florianópolis	BRL	50	0%	0%	Médio	57																			
comprar casas em porto alegre	BRL	50	0%	0%	Alto	86																			
comprar casas em sp	BRL	50	0%	0%	Alto	75	"0,72"	"4,22"																	
comprar curitiba	BRL	50	0%	-90%	Baixo	1																			
comprar em curitiba	BRL	50	0%	0%	Baixo	19																			
comprar em goiânia	BRL	50	0%	-100%	Desconhecido																				
comprar imoveis brasilia	BRL	50	0%	0%	Alto	86																			
comprar imoveis fortaleza	BRL	50	0%	0%	Alto	68	"0,31"	"1,37"																	
comprar imoveis goiania	BRL	50	0%	-100%	Desconhecido																				
comprar imovel em goiania	BRL	50	0%	-100%	Desconhecido																				
comprar imóveis em fortaleza	BRL	50	0%	0%	Alto	68	"0,31"	"1,37"																	
comprar imóveis florianópolis	BRL	50	0%	0%	Alto	86																			
comprar jk porto alegre	BRL	50	0%	0%	Desconhecido																				
comprar kitnet curitiba	BRL	50	∞	∞	Alto	86																			
comprar kitnet florianopolis	BRL	50	0%	0%	Desconhecido																				
comprar rio de janeiro	BRL	50	0%	0%	Baixo	0																			
condominio figueira branca paulinia	BRL	50	0%	0%	Alto	86																			
conjugado para alugar	BRL	50	0%	0%	Baixo	3																			
conjugado rio de janeiro	BRL	50	0%	0%	Desconhecido																				
curitiba alugar apartamento	BRL	500	0%	0%	Alto	71	"0,17"	"1,30"																	
curitiba aluguel casa	BRL	50	0%	0%	Alto	77	"0,17"	"1,17"																	
curitiba aluguel de casas	BRL	50	0%	0%	Alto	71	"0,17"	"1,18"																	
curitiba aluguel kitnet	BRL	50	0%	0%	Médio	47	"0,13"	"1,07"																	
curitiba apartamento a venda	BRL	500	0%	0%	Alto	68	"0,21"	"1,71"																	
curitiba apartamento alugar	BRL	500	0%	0%	Alto	71	"0,17"	"1,30"																	
curitiba apartamento comprar	BRL	50	0%	0%	Alto	77	"0,20"	"2,49"																	
curitiba apartamento venda	BRL	50	0%	-90%	Alto	68	"0,23"	"1,72"																	
curitiba casa	BRL	500	900%	0%	Médio	61	"0,20"	"1,26"																	
curitiba comprar apartamento	BRL	50	0%	0%	Alto	77	"0,20"	"2,49"																	
curitiba kitnet	BRL	50	0%	0%	Alto	68	"0,18"	"1,94"																	
florianopolis alugar apartamento	BRL	500	0%	-90%	Alto	74	"0,18"	"2,75"																	
florianopolis aluguel apartamento	BRL	500	0%	-90%	Alto	74	"0,18"	"2,75"																	
florianopolis aluguel casa	BRL	50	0%	-90%	Alto	78	"0,17"	"3,03"																	
florianopolis aluguel de casas	BRL	50	0%	0%	Alto	84	"0,26"	"2,99"																	
florianopolis apartamento para alugar	BRL	50	0%	0%	Médio	59	"0,17"	"1,60"																	
florianopolis apartamento venda	BRL	50	0%	0%	Alto	70	"0,20"	"2,16"																	
florianopolis casa	BRL	50	0%	-90%	Médio	62	"0,20"	"2,48"																	
florianopolis casa a venda	BRL	50	0%	0%	Médio	62	"0,13"	"0,68"																	
florianopolis casa para alugar	BRL	50	0%	0%	Médio	60	"0,15"	"1,03"																	
florianopolis casa venda	BRL	50	0%	0%	Desconhecido																				
florianopolis casas para alugar	BRL	50	0%	0%	Médio	60	"0,15"	"1,03"																	
florianopolis imoveis a venda	BRL	50	0%	0%	Alto	85	"0,32"	"1,52"																	
florianopolis venda imoveis	BRL	50	0%	0%	Alto	82	"0,30"	"1,79"																	
florianópolis apartamentos para alugar	BRL	50	0%	0%	Médio	59	"0,17"	"1,60"																	
florianópolis casa	BRL	50	0%	-90%	Médio	62	"0,20"	"2,48"																	
floripa aluguel apartamento	BRL	50	∞	0%	Baixo	0																			
floripa casa	BRL	50	0%	0%	Médio	54	"0,22"	"1,95"																	
floripa casas a venda	BRL	50	0%	0%	Alto	72	"0,19"	"1,12"																	
goiania imoveis	BRL	50	0%	0%	Médio	54	"0,25"	"3,31"																	
imoveis a venda bela vista	BRL	50	0%	0%	Alto	86	"0,59"	"4,27"																	
imoveis a venda e	BRL	50	0%	-100%	Desconhecido																				
imoveis a venda em brasilia df	BRL	50	0%	∞	Alto	86	"0,55"	"1,02"																	
imoveis a venda em brasília	BRL	50	0%	-100%	Desconhecido																				
imoveis a venda em florianopolis santa catarina	BRL	50	∞	0%	Alto	71																			
imoveis a venda em florianopolis sc	BRL	50	∞	0%	Alto	71																			
imoveis a venda em fortaleza ce	BRL	50	0%	0%	Alto	82	"0,26"	"1,49"																	
imoveis a venda em goiania go	BRL	50	-100%	-100%	Desconhecido																				
imoveis a venda em goiânia	BRL	50	∞	0%	Alto	86																			
imoveis a venda em perdizes	BRL	50	0%	0%	Alto	78	"0,79"	"5,67"																	
imoveis a venda em pinheiros sp	BRL	50	0%	0%	Alto	82	"1,39"	"3,88"																	
imoveis a venda em poa	BRL	50	∞	0%	Médio	57																			
imoveis a venda em porto alegre rs	BRL	50	-100%	-100%	Desconhecido																				
imoveis a venda em rio de janeiro	BRL	50	0%	0%	Alto	83	"0,47"	"3,65"																	
imoveis a venda florianópolis	BRL	50	0%	0%	Alto	85	"0,32"	"1,52"																	
imoveis a venda na bela vista sp capital	BRL	50	0%	0%	Alto	86	"0,31"	"2,47"																	
imoveis a venda no df	BRL	50	0%	0%	Médio	63	"0,43"	"1,48"																	
imoveis a venda no itaim bibi	BRL	50	0%	0%	Alto	86	"2,87"	"8,05"																	
imoveis a venda no rj	BRL	50	0%	0%	Alto	86	"0,97"	"4,57"																	
imoveis a venda poa	BRL	50	∞	0%	Médio	57																			
imoveis a venda porto alegre rs	BRL	50	-100%	-100%	Desconhecido																				
imoveis a venda santo andré	BRL	50	0%	0%	Alto	75	"0,36"	"2,92"																	
imoveis a venda vila nova conceição sp	BRL	50	0%	0%	Alto	87	"1,20"	"3,88"																	
imoveis brasilia compra	BRL	50	0%	-100%	Desconhecido																				
imoveis brasilia df	BRL	50	0%	-100%	Desconhecido																				
imoveis brasilia venda	BRL	50	0%	0%	Alto	86																			
imoveis comprar rio de janeiro	BRL	50	∞	0%	Alto	86	"0,44"	"5,52"																	
imoveis df a venda	BRL	50	0%	0%	Médio	63	"0,43"	"1,48"																	
imoveis df compra	BRL	0	0%	0%	Desconhecido																				
imoveis em belo horizonte a venda	BRL	50	∞	0%	Alto	83	"0,37"	"1,42"																	
imoveis em brasilia df	BRL	50	0%	0%	Alto	73	"0,27"	"2,11"																	
imoveis em brasilia para comprar	BRL	50	-100%	0%	Desconhecido																				
imoveis em construção rj	BRL	50	0%	∞	Alto	86																			
imoveis em fortaleza venda	BRL	50	∞	∞	Alto	86																			
imoveis em pinheiros sp	BRL	50	0%	0%	Alto	92	"2,40"	"7,96"																	
imoveis em recife para vender	BRL	50	∞	∞	Alto	86																			
imoveis em salvador ba	BRL	50	0%	0%	Desconhecido																				
imoveis em salvador bahia	BRL	50	0%	0%	Médio	65	"0,19"	"0,78"																	
imoveis florianopolis a venda	BRL	50	0%	0%	Desconhecido																				
imoveis goiania comprar	BRL	50	0%	-100%	Desconhecido																				
imoveis goiania venda	BRL	50	∞	0%	Alto	86																			
imoveis na bela vista sp	BRL	50	0%	0%	Alto	88	"0,87"	"4,90"																	
imoveis na pompeia sp	BRL	50	0%	0%	Alto	85	"0,37"	"4,44"																	
imoveis novos para alugar	BRL	50	∞	0%	Alto	75	"0,28"	"11,30"																	
imoveis para alugar em perdizes	BRL	50	0%	0%	Alto	79	"0,87"	"4,72"																	
imoveis para alugar vila madalena	BRL	50	0%	0%	Alto	70	"0,78"	"2,20"																	
imoveis para alugar vila olimpia	BRL	50	0%	0%	Alto	79	"0,31"	"4,07"																	
imoveis para comprar em brasilia	BRL	50	0%	0%	Desconhecido																				
imoveis para comprar em santo andre	BRL	50	-100%	0%	Desconhecido																				
imoveis para venda em brasilia	BRL	50	0%	0%	Alto	86																			
imoveis para venda em goiania	BRL	50	∞	0%	Alto	86																			
imoveis para venda no df	BRL	50	0%	0%	Alto	79																			
imoveis rio de janeiro aluguel	BRL	50	0%	0%	Alto	79	"0,41"	"3,20"																	
imoveis rio de janeiro comprar	BRL	50	∞	∞	Alto	86																			
imoveis rio zap	BRL	50	0%	0%	Desconhecido																				
imoveis rj aluguel	BRL	50	0%	0%	Alto	77	"0,17"	"1,72"																	
imoveis salvador bahia	BRL	50	0%	0%	Médio	65	"0,19"	"0,78"																	
imoveis sp aluguel	BRL	500	0%	0%	Alto	78	"0,65"	"3,39"																	
imoveis venda brasilia	BRL	50	0%	0%	Alto	86																			
imoveis venda df	BRL	50	0%	0%	Alto	79																			
imoveis venda florianópolis	BRL	50	0%	0%	Alto	82	"0,30"	"1,79"																	
imoveis venda fortaleza	BRL	50	-100%	-100%	Desconhecido																				
imoveis venda goiania	BRL	50	∞	0%	Alto	86																			
imoveis venda sp	BRL	50	0%	0%	Alto	81	"1,11"	"6,46"																	
imoveis zap rj	BRL	50	0%	0%	Baixo	30	"0,13"	"2,34"																	
imoveis zap sp	BRL	500	0%	0%	Médio	54	"0,32"	"2,66"																	
imovel a venda vila mariana	BRL	50	0%	0%	Alto	79	"0,76"	"5,03"																	
imovel alugar rio de janeiro	BRL	50	0%	0%	Alto	79	"0,41"	"3,20"																	
imovel alugar rj	BRL	50	0%	0%	Alto	77	"0,17"	"1,72"																	
imovel alugar sp	BRL	50	0%	0%	Alto	86	"1,13"	"5,83"																	
imovel rj	BRL	50	0%	0%	Alto	79	"0,72"	"4,70"																	
imóveis a venda em brasília df	BRL	50	0%	-100%	Desconhecido																				
imóveis a venda em florianópolis sc	BRL	50	0%	0%	Alto	89	"0,38"	"2,71"																	
imóveis bela vista sp	BRL	50	0%	0%	Alto	88	"0,87"	"4,90"																	
imóveis brasília venda	BRL	50	0%	0%	Alto	86																			
imóveis em brasília df	BRL	50	-100%	0%	Desconhecido																				
imóveis em florianopolis a venda	BRL	50	0%	-100%	Desconhecido																				
imóveis em florianópolis para comprar	BRL	50	∞	0%	Alto	76	"0,18"	"0,96"																	
imóveis em fortaleza para comprar	BRL	50	0%	∞	Alto	71																			
imóveis em goiania para comprar	BRL	50	0%	0%	Desconhecido																				
imóveis florianópolis compra	BRL	0	0%	0%	Desconhecido																				
imóveis fortaleza venda	BRL	50	0%	0%	Alto	71																			
imóveis para alugar em pinheiros sp	BRL	50	0%	0%	Alto	84	"0,53"	"1,69"																	
imóveis para comprar em brasília	BRL	50	0%	∞	Alto	86																			
imóveis para locação em são paulo	BRL	50	0%	-90%	Alto	87	"1,11"	"4,86"																	
imóveis à venda em belo horizonte	BRL	50	0%	0%	Alto	71																			
imóveis à venda em bh	BRL	50	0%	∞	Alto	86	"0,48"	"2,34"																	
imóveis à venda em brasília	BRL	50	0%	0%	Alto	86																			
imóveis à venda em florianópolis	BRL	50	∞	0%	Alto	100																			
imóveis à venda em fortaleza	BRL	50	∞	∞	Alto	81	"0,17"	"1,35"																	
imóveis à venda em goiânia	BRL	0	0%	-100%	Desconhecido																				
imóveis à venda em porto alegre	BRL	50	0%	0%	Alto	86																			
imóveis à venda em santo andré	BRL	50	0%	0%	Alto	86	"0,98"	"5,55"																	
imóveis à venda em são paulo	BRL	50	0%	0%	Alto	86	"0,33"	"2,51"																	
imóveis à venda no rio de janeiro	BRL	50	-100%	-100%	Desconhecido																				
itaim aluguel	BRL	50	0%	0%	Alto	77	"0,57"	"4,67"																	
jardim paulista apartamentos	BRL	500	0%	0%	Alto	69	"1,38"	"6,83"																	
jk a venda	BRL	50	-100%	0%	Desconhecido																				
jk alugar	BRL	50	0%	0%	Médio	52	"0,62"	"2,73"																	
jk aluguel	BRL	50	0%	0%	Médio	52	"0,62"	"2,73"																	
jk em porto alegre para alugar	BRL	50	∞	∞	Alto	86																			
jk no centro de porto alegre	BRL	50	0%	0%	Desconhecido																				
jk para alugar	BRL	50	0%	0%	Médio	52	"0,62"	"2,73"																	
jk para alugar no centro de porto alegre	BRL	0	0%	0%	Desconhecido																				
jk para vender em porto alegre	BRL	50	0%	∞	Alto	86																			
jk poa	BRL	50	0%	0%	Baixo	0																			
jk porto alegre alugar	BRL	50	0%	∞	Baixo	29	"0,19"	"0,99"																	
jk porto alegre venda	BRL	50	0%	∞	Alto	86																			
jk venda porto alegre	BRL	50	0%	∞	Alto	86																			
kit net centro sp	BRL	50	0%	0%	Alto	71	"0,23"	"1,36"																	
kit net em são paulo	BRL	50	0%	0%	Baixo	14																			
kit net no rio de janeiro	BRL	50	0%	-100%	Desconhecido																				
kit net para alugar curitiba	BRL	50	∞	∞	Alto	82	"0,11"	"0,44"																	
kit net para alugar em curitiba	BRL	50	-100%	-100%	Desconhecido																				
kit net para alugar em sao paulo	BRL	50	0%	0%	Alto	86	"0,83"	"2,98"																	
kit net para alugar em sp	BRL	50	0%	0%	Alto	79	"0,56"	"1,25"																	
kit net para alugar sp	BRL	50	0%	0%	Baixo	26																			
kit net poa	BRL	50	0%	0%	Médio	54																			
kit net rj	BRL	50	∞	∞	Baixo	0																			
kit nets para alugar	BRL	50	0%	-100%	Desconhecido																				
kit para alugar no centro de sp	BRL	50	0%	0%	Alto	81	"0,31"	"1,22"																	
kitnet 500 reais sp	BRL	50	0%	0%	Médio	43																			
kitnet 600 reais sp	BRL	50	0%	0%	Alto	86																			
kitnet a venda curitiba	BRL	50	∞	0%	Baixo	29																			
kitnet a venda em florianopolis	BRL	50	0%	∞	Alto	86																			
kitnet a venda em porto alegre	BRL	50	0%	∞	Alto	82	"0,18"	"1,04"																	
kitnet a venda florianopolis	BRL	50	0%	∞	Alto	86																			
kitnet a venda no centro de curitiba	BRL	0	0%	0%	Desconhecido																				
kitnet a venda porto alegre	BRL	50	0%	∞	Alto	82	"0,18"	"1,04"																	
kitnet alugar em curitiba	BRL	50	0%	0%	Médio	65	"0,16"	"0,86"																	
kitnet alugar em sao paulo	BRL	500	0%	0%	Alto	71	"0,37"	"1,67"																	
kitnet alugar rj	BRL	50	0%	0%	Médio	63	"0,17"	"0,94"																	
kitnet aluguel curitiba	BRL	50	0%	0%	Médio	65	"0,16"	"0,86"																	
kitnet aluguel porto alegre	BRL	50	0%	0%	Alto	69	"0,18"	"1,36"																	
kitnet aluguel rj	BRL	50	0%	0%	Médio	63	"0,17"	"0,94"																	
kitnet aluguel sao paulo	BRL	500	0%	0%	Alto	71	"0,37"	"1,67"																	
kitnet aluguel sp	BRL	500	0%	0%	Alto	69	"0,32"	"1,61"																	
kitnet apartamento	BRL	50	0%	0%	Médio	45	"0,88"	"3,67"																	
kitnet barata	BRL	50	0%	0%	Médio	65	"0,41"	"2,48"																	
kitnet barata em curitiba	BRL	50	∞	∞	Alto	86																			
kitnet barata em sp	BRL	50	0%	0%	Alto	79	"0,56"	"3,36"																	
kitnet barata para alugar no centro de sp	BRL	50	0%	∞	Alto	86																			
kitnet barata para alugar sp	BRL	50	0%	0%	Médio	43																			
kitnet barato para alugar em porto alegre	BRL	0	0%	0%	Desconhecido																				
kitnet centro de porto alegre	BRL	50	0%	0%	Desconhecido																				
kitnet centro de sao paulo	BRL	50	0%	0%	Alto	79	"0,31"	"1,72"																	
kitnet centro de sp	BRL	50	0%	0%	Médio	61	"0,34"	"1,77"																	
kitnet centro de são paulo	BRL	50	0%	0%	Alto	79	"0,31"	"1,72"																	
kitnet centro rj alugar	BRL	50	0%	0%	Baixo	15	"0,26"	"1,00"																	
kitnet centro sao paulo	BRL	500	0%	0%	Alto	74	"0,39"	"1,76"																	
kitnet centro sp aluguel	BRL	50	0%	-90%	Alto	77	"0,22"	"1,43"																	
kitnet centro são paulo	BRL	500	0%	0%	Alto	74	"0,39"	"1,76"																	
kitnet comprar curitiba	BRL	50	0%	0%	Alto	71																			
kitnet curitiba alugar	BRL	50	0%	0%	Médio	65	"0,16"	"0,86"																	
kitnet curitiba aluguel	BRL	50	0%	0%	Médio	65	"0,16"	"0,86"																	
kitnet curitiba comprar	BRL	50	0%	0%	Alto	71																			
kitnet curitiba para alugar	BRL	50	0%	0%	Médio	43	"0,07"	"0,38"																	
kitnet curitiba pr	BRL	50	0%	-100%	Desconhecido																				
kitnet curitiba venda	BRL	50	0%	0%	Alto	71																			
kitnet de aluguel	BRL	50	∞	0%	Médio	44	"0,29"	"1,28"																	
kitnet em curitiba alugar	BRL	50	0%	0%	Médio	65	"0,16"	"0,86"																	
kitnet em poa	BRL	50	0%	0%	Médio	40																			
kitnet em poa para alugar	BRL	50	0%	∞	Médio	56	"0,05"	"0,22"																	
kitnet em porto alegre para alugar	BRL	50	∞	0%	Alto	86																			
kitnet em rio de janeiro	BRL	50	0%	0%	Médio	59	"0,26"	"1,43"																	
kitnet em sao paulo para alugar	BRL	50	0%	0%	Alto	78	"0,40"	"2,97"																	
kitnet em sp para alugar	BRL	50	0%	0%	Médio	65	"0,27"	"1,29"																	
kitnet em são paulo preço	BRL	50	0%	0%	Médio	57																			
kitnet locacao	BRL	50	0%	0%	Médio	62	"0,35"	"1,32"																	
kitnet no centro de porto alegre	BRL	50	0%	0%	Desconhecido																				
kitnet no centro de são paulo	BRL	50	0%	0%	Alto	79	"0,31"	"1,72"																	
kitnet no centro de são paulo para alugar	BRL	50	0%	0%	Alto	77	"0,39"	"1,45"																	
kitnet no rio	BRL	50	0%	∞	Alto	86																			
kitnet no rio de janeiro para alugar	BRL	50	0%	0%	Alto	71																			
kitnet no rj	BRL	50	0%	0%	Médio	44	"0,13"	"0,90"																	
kitnet para alugar 600 reais	BRL	50	-100%	-100%	Desconhecido																				
kitnet para alugar centro de porto alegre	BRL		 --	 --	Desconhecido																				
kitnet para alugar centro de são paulo	BRL	500	0%	0%	Alto	76	"0,31"	"1,43"																	
kitnet para alugar curitiba pr	BRL	50	0%	0%	Médio	65	"0,16"	"0,86"																	
kitnet para alugar e	BRL	50	-100%	-100%	Desconhecido																				
kitnet para alugar em	BRL	50	0%	0%	Baixo	20																			
kitnet para alugar em curitiba pr	BRL	50	∞	∞	Médio	43																			
kitnet para alugar em poa	BRL	50	0%	0%	Médio	45	"0,19"	"1,08"																	
kitnet para alugar em porto alegre rs	BRL	50	-100%	0%	Desconhecido																				
kitnet para alugar em rio de janeiro	BRL	50	0%	0%	Alto	80	"0,18"	"1,11"																	
kitnet para alugar em sao paulo centro	BRL	50	0%	-90%	Alto	77	"0,22"	"1,43"																	
kitnet para alugar em sp centro	BRL	50	0%	-90%	Alto	77	"0,22"	"1,43"																	
kitnet para alugar em são paulo capital	BRL	50	0%	0%	Alto	80	"0,56"	"2,44"																	
kitnet para alugar mais próximo	BRL	50	0%	0%	Alto	93																			
kitnet para alugar na	BRL	50	0%	0%	Baixo	3																			
kitnet para alugar no centro de porto alegre	BRL	0	0%	0%	Desconhecido																				
kitnet para alugar no centro de sao paulo	BRL	50	0%	0%	Alto	83	"0,20"	"1,43"																	
kitnet para alugar no centro de sp	BRL	50	0%	0%	Alto	81	"0,31"	"1,22"																	
kitnet para alugar no rio	BRL	50	∞	0%	Alto	79	"0,12"	"0,22"																	
kitnet para alugar poa	BRL	50	0%	0%	Médio	45	"0,19"	"1,08"																	
kitnet para alugar preço	BRL	50	-100%	-100%	Desconhecido																				
kitnet para alugar proximo a mim	BRL	50	0%	0%	Médio	50	"0,36"	"1,73"																	
kitnet para alugar próximo	BRL	50	0%	0%	Baixo	0																			
kitnet para alugar rio de janeiro centro	BRL	50	0%	0%	Alto	82	"0,12"	"0,42"																	
kitnet para alugar rj centro	BRL	50	0%	0%	Baixo	15	"0,26"	"1,00"																	
kitnet para aluguel	BRL	5000	0%	0%	Médio	57	"0,19"	"1,38"																	
kitnet para comprar em florianopolis	BRL	0	0%	-100%	Desconhecido																				
kitnet para estudantes curitiba	BRL	50	-100%	0%	Desconhecido																				
kitnet para estudantes em porto alegre	BRL	50	-100%	0%	Desconhecido																				
kitnet para locação em curitiba	BRL	50	∞	∞	Alto	79																			
kitnet para venda em curitiba	BRL	50	0%	0%	Alto	71																			
kitnet para vender em florianopolis	BRL	50	∞	∞	Alto	86																			
kitnet para vender em porto alegre	BRL		 --	 --	Desconhecido																				
kitnet pequena para alugar	BRL	50	0%	0%	Baixo	7	"0,18"	"0,83"																	
kitnet porto alegre alugar	BRL	50	0%	0%	Alto	69	"0,18"	"1,36"																	
kitnet porto alegre venda	BRL	50	∞	∞	Alto	86																			
kitnet preço aluguel	BRL	50	0%	0%	Médio	36																			
kitnet rio	BRL	50	0%	∞	Alto	86																			
kitnet rio de janeiro alugar	BRL	50	0%	0%	Alto	71	"0,27"	"1,39"																	
kitnet rio de janeiro aluguel	BRL	50	0%	0%	Alto	71	"0,27"	"1,39"																	
kitnet rj alugar	BRL	50	0%	0%	Médio	63	"0,17"	"0,94"																	
kitnet sao paulo capital	BRL	50	0%	0%	Alto	86																			
kitnet simples para alugar	BRL	50	0%	0%	Baixo	0																			
kitnet sp alugar	BRL	500	0%	0%	Alto	69	"0,32"	"1,61"																	
kitnet sp capital	BRL	50	0%	0%	Médio	43																			
kitnet são paulo aluguel	BRL	500	0%	0%	Alto	71	"0,37"	"1,67"																	
kitnet são paulo centro	BRL	500	0%	0%	Alto	74	"0,39"	"1,76"																	
kitnet são paulo sp	BRL	50	0%	0%	Alto	69	"0,53"	"3,06"																	
kitnet venda curitiba	BRL	50	0%	0%	Alto	71																			
kitnet venda porto alegre	BRL	50	∞	∞	Alto	86																			
kitnets baratas em sp	BRL	50	0%	∞	Alto	86																			
kitnets em curitiba para alugar	BRL	50	0%	0%	Médio	43	"0,07"	"0,38"																	
kitnets para alugar em sao paulo	BRL	500	0%	0%	Alto	71	"0,37"	"1,67"																	
kitnets para alugar no centro de curitiba	BRL	50	0%	0%	Médio	51	"0,07"	"0,25"																	
lançamentos apartamentos rio de janeiro	BRL	50	0%	0%	Alto	82																			
lançamentos apartamentos rj	BRL	50	0%	∞	Alto	100																			
lançamentos imobiliários no rio de janeiro	BRL	50	0%	0%	Alto	86																			
lançamentos no rio de janeiro	BRL	50	0%	0%	Alto	67	"2,98"	"8,06"																	
locacao apartamento sao paulo	BRL	500	900%	0%	Alto	78	"0,78"	"3,70"																	
locacao apartamento vila mariana	BRL	50	0%	0%	Alto	86	"0,88"	"3,21"																	
locacao campo belo	BRL	50	0%	0%	Alto	94	"0,78"	"7,59"																	
locacao casa curitiba	BRL	50	0%	0%	Médio	64	"0,19"	"2,82"																	
locacao de casas em sao paulo	BRL	50	0%	0%	Alto	86																			
locacao de kitnet	BRL	50	0%	0%	Alto	80	"0,32"	"2,16"																	
locacao kitnet	BRL	50	0%	0%	Alto	74	"0,49"	"2,10"																	
locacao perdizes	BRL	50	0%	0%	Alto	83	"0,79"	"3,94"																	
locação apartamento florianopolis	BRL	50	0%	0%	Alto	80	"0,25"	"3,80"																	
locação apartamento perdizes	BRL	50	0%	0%	Alto	74	"0,76"	"3,13"																	
locação apartamento rio de janeiro	BRL	50	0%	0%	Alto	79	"1,07"	"13,47"																	
locação apartamento sp	BRL	50	0%	0%	Alto	81	"0,95"	"8,07"																	
locação apto moema	BRL	50	-100%	0%	Desconhecido																				
locação curitiba apartamento	BRL	50	0%	0%	Alto	81	"0,24"	"1,63"																	
locação de kitnet em curitiba	BRL	50	0%	0%	Desconhecido																				
locação de kitnet em sp	BRL	50	∞	0%	Alto	82	"0,56"	"2,59"																	
locação em são paulo	BRL	50	0%	0%	Médio	65	"1,25"	"5,91"																	
locação imoveis sp	BRL	50	0%	0%	Alto	70	"0,98"	"4,72"																	
locação imóveis são paulo	BRL	50	0%	-90%	Alto	87	"1,11"	"4,86"																	
locação kitnet curitiba	BRL	50	0%	0%	Desconhecido																				
locação sao paulo	BRL	50	0%	0%	Médio	65	"1,25"	"5,91"																	
locação vila madalena	BRL	50	0%	0%	Alto	79																			
locação vila olimpia	BRL	50	0%	0%	Alto	93																			
lofts para comprar	BRL	50	0%	0%	Alto	82	"1,32"	"3,63"																	
lugares para alugar no rio de janeiro	BRL	50	0%	0%	Alto	79	"0,81"	"2,97"																	
meu zap imóveis	BRL	50	0%	0%	Baixo	0																			
moema aluguel apartamento	BRL	500	0%	0%	Alto	80	"0,56"	"4,06"																	
moema apartamento venda	BRL	50	0%	0%	Alto	82	"0,82"	"6,53"																	
moema sao paulo aluguel	BRL	50	0%	-100%	Desconhecido																				
moema sp aluguel	BRL	50	∞	0%	Médio	57																			
para alugar apartamento	BRL	50	0%	0%	Médio	66	"0,38"	"4,76"																	
para alugar em são paulo	BRL	50	0%	0%	Alto	76	"1,20"	"2,64"																	
para alugar um apartamento	BRL	50	-100%	-100%	Desconhecido																				
para anunciar no zap imoveis tem que pagar	BRL	50	0%	0%	Baixo	29																			
para vender em curitiba	BRL	50	0%	0%	Desconhecido																				
para vender em porto alegre	BRL	0	0%	0%	Desconhecido																				
pense imoveis porto alegre	BRL	0	0%	0%	Desconhecido																				
perdizes sp aluguel	BRL	50	0%	900%	Alto	78	"0,37"	"2,56"																	
pinheiros a venda	BRL	50	-100%	-100%	Desconhecido																				
pinheiros alugar	BRL	50	0%	0%	Alto	83	"0,38"	"5,39"																	
pinheiros sao paulo aluguel	BRL	500	0%	900%	Alto	81	"0,45"	"3,31"																	
pompeia aluguel	BRL	50	0%	0%	Alto	80	"0,18"	"3,05"																	
porto alegre casa	BRL	50	0%	0%	Alto	69	"0,20"	"1,80"																	
porto alegre casas para alugar	BRL	50	0%	0%	Médio	57																			
porto alegre kitnet	BRL	50	0%	0%	Médio	37	"0,20"	"1,30"																	
preço aluguel kitnet	BRL	50	0%	-100%	Desconhecido																				
preço apartamento curitiba	BRL	50	0%	0%	Médio	64																			
preço apartamento florianopolis	BRL	50	0%	0%	Desconhecido																				
preço apartamento rio de janeiro	BRL	50	0%	0%	Desconhecido																				
preço apartamento sp	BRL	50	0%	0%	Alto	75	"2,43"	"5,00"																	
preço apartamentos	BRL	500	0%	0%	Médio	53	"1,98"	"6,06"																	
preço de aluguel de apartamento em são paulo	BRL	50	0%	0%	Médio	49	"0,23"	"2,24"																	
preço de aluguel em sao paulo	BRL	50	0%	-100%	Desconhecido																				
preço de apartamento em florianopolis	BRL	50	∞	0%	Médio	64																			
preço de apartamento no rio de janeiro	BRL	50	0%	-100%	Desconhecido																				
preço de casa em curitiba	BRL	50	0%	0%	Médio	50																			
preço de casa em são paulo	BRL	50	0%	0%	Alto	68	"0,39"	"2,13"																	
preço de casas em florianopolis	BRL	50	∞	∞	Alto	86																			
preço de casas em são paulo	BRL	50	0%	0%	Alto	68	"0,39"	"2,13"																	
preço de imóveis em são paulo	BRL	50	0%	0%	Alto	67	"1,18"	"18,97"																	
preço de kitnet em curitiba	BRL	0	0%	0%	Desconhecido																				
preço de kitnet em florianópolis	BRL	50	0%	0%	Desconhecido																				
preço de kitnet em são paulo	BRL	50	0%	0%	Alto	69	"0,37"	"1,42"																	
preço de kitnet para alugar	BRL	50	0%	0%	Médio	51	"0,25"	"0,98"																	
preço de um apartamento em são paulo	BRL	50	∞	0%	Alto	86																			
preço de um loft	BRL	50	-100%	-100%	Desconhecido																				
preço kitnet rio de janeiro	BRL	50	0%	0%	Desconhecido																				
preço kitnet sp	BRL	50	0%	-100%	Desconhecido																				
preço loft	BRL	50	0%	0%	Médio	35	"0,21"	"1,77"																	
procurando casas para alugar	BRL	50	0%	∞	Baixo	0																			
quitinete rj	BRL	0	0%	-100%	Desconhecido																				
recife imoveis	BRL	50	0%	-90%	Baixo	5	"0,46"	"5,73"																	
rio de janeiro alugar	BRL	500	0%	0%	Alto	76	"0,21"	"1,90"																	
rio de janeiro apartamentos a venda	BRL	50	900%	900%	Alto	76	"0,32"	"3,60"																	
rio de janeiro apartamentos para alugar	BRL	50	0%	0%	Alto	75	"0,28"	"2,23"																	
rio de janeiro casa	BRL	500	0%	0%	Médio	51	"0,47"	"2,96"																	
rio de janeiro casas a venda	BRL	50	0%	0%	Médio	65	"0,20"	"0,96"																	
rio de janeiro comprar apartamento	BRL	50	0%	∞	Alto	86																			
rio de janeiro kitnet	BRL	50	0%	0%	Médio	59	"0,26"	"1,43"																	
santo andre imoveis	BRL	500	0%	0%	Alto	86	"0,60"	"2,96"																	
sao paulo alugar	BRL	5000	0%	0%	Alto	79	"0,59"	"3,48"																	
sao paulo aluguel kitnet	BRL	50	0%	0%	Alto	86																			
sao paulo casa	BRL	500	0%	0%	Médio	64	"0,59"	"3,83"																	
sao paulo casas a venda	BRL	50	-100%	-100%	Desconhecido																				
sao paulo comprar apartamento	BRL	50	-100%	-100%	Desconhecido																				
sao paulo kitnet	BRL	500	0%	0%	Alto	73	"0,51"	"3,05"																	
sao paulo venda	BRL	50	0%	0%	Baixo	0																			
site de imoveis em salvador	BRL	50	0%	0%	Desconhecido																				
sites para alugar apartamento sp	BRL	50	∞	∞	Alto	86																			
sobrado para alugar em sp	BRL	50	0%	0%	Médio	59	"0,15"	"0,81"																	
sp aluguel	BRL	5000	0%	0%	Alto	78	"0,47"	"2,44"																	
telefone zap imoveis bh	BRL	0	0%	0%	Desconhecido																				
valor aluguel apartamento sp	BRL	50	-100%	-100%	Desconhecido																				
valor aluguel kitnet	BRL	50	∞	0%	Médio	43																			
valor aluguel rio de janeiro	BRL	50	0%	0%	Desconhecido																				
valor anuncio zap imoveis	BRL	50	0%	0%	Baixo	14																			
valor apartamento curitiba	BRL	50	∞	∞	Alto	71																			
valor apartamento sao paulo	BRL	50	0%	0%	Alto	71																			
valor apartamento sp	BRL	50	-100%	-100%	Desconhecido																				
valor de aluguel de kitnet em sp	BRL	50	-100%	-100%	Desconhecido																				
valor de aluguel em são paulo	BRL	50	0%	-100%	Desconhecido																				
valor de aluguel no rio de janeiro	BRL	50	-100%	0%	Desconhecido																				
valor de casa em curitiba	BRL	50	0%	0%	Alto	71																			
valor de casas em são paulo	BRL	50	0%	0%	Desconhecido																				
valor de kitnet em curitiba	BRL	50	0%	0%	Desconhecido																				
valor de kitnet em sao paulo	BRL	50	0%	0%	Desconhecido																				
valor de um apartamento no rio de janeiro	BRL	50	∞	∞	Alto	71																			
valor de um loft	BRL	50	-100%	-100%	Desconhecido																				
valor do aluguel no rio de janeiro	BRL	50	0%	0%	Desconhecido																				
valor kitnet sao paulo	BRL	50	0%	0%	Alto	71	"0,18"	"2,91"																	
valor para anunciar no zap imoveis	BRL	50	∞	0%	Baixo	14																			
valores de apartamentos em sp	BRL	50	0%	0%	Alto	77	"3,62"	"18,04"																	
venda apartamento bela vista	BRL	50	900%	900%	Alto	80	"0,55"	"4,18"																	
venda apartamento em curitiba	BRL	50	0%	0%	Desconhecido																				
venda apartamento em florianopolis	BRL	50	0%	0%	Alto	70	"0,20"	"2,16"																	
venda apartamento florianópolis	BRL	50	0%	0%	Alto	70	"0,20"	"2,16"																	
venda apartamento jardim paulista	BRL	50	0%	0%	Médio	61	"1,24"	"4,58"																	
venda apartamento pinheiros sp	BRL	50	0%	0%	Alto	86	"1,44"	"5,44"																	
venda apartamento vila nova conceição	BRL	50	0%	0%	Alto	81	"1,16"	"13,23"																	
venda apartamentos florianopolis	BRL	50	0%	0%	Médio	57																			
venda apto sao paulo	BRL	50	0%	0%	Alto	78	"0,57"	"2,63"																	
venda bh	BRL	50	-100%	-100%	Desconhecido																				
venda casa curitiba	BRL	50	-100%	-100%	Desconhecido																				
venda casa florianopolis	BRL	50	0%	0%	Alto	68	"0,07"	"0,46"																	
venda casa florianópolis	BRL	50	0%	0%	Alto	68	"0,07"	"0,46"																	
venda casa rio de janeiro	BRL	50	-100%	-100%	Desconhecido																				
venda casa rj	BRL	50	-100%	0%	Desconhecido																				
venda casa sao paulo	BRL	50	0%	0%	Alto	78	"0,23"	"3,33"																	
venda casa sp	BRL	50	0%	0%	Alto	74	"0,27"	"0,81"																	
venda casas florianopolis	BRL	50	0%	0%	Alto	68	"0,07"	"0,46"																	
venda casas rio de janeiro	BRL	50	-100%	-100%	Desconhecido																				
venda de apartamento curitiba	BRL	50	-100%	0%	Desconhecido																				
venda de apartamento em florianópolis	BRL	50	-100%	0%	Desconhecido																				
venda de apartamento florianopolis	BRL	50	0%	0%	Desconhecido																				
venda de apartamento sao paulo	BRL	500	900%	0%	Alto	80	"2,16"	"11,66"																	
venda de apartamentos em florianopolis	BRL	50	0%	0%	Desconhecido																				venda de casa curitiba	BRL	50	0%	0%	Alto	69	"0,42"	"0,88"																	
venda de casa em florianopolis	BRL	50	∞	0%	Alto	86																			
venda de casa em florianópolis	BRL	50	∞	0%	Alto	71																			
venda de casa em sao paulo	BRL	50	0%	0%	Alto	74	"0,63"	"4,72"																	
venda de casa em são paulo	BRL	50	0%	0%	Médio	48	"0,70"	"3,60"																	
venda de casa rj	BRL	50	0%	-100%	Desconhecido																				
venda de casas em florianopolis	BRL	50	∞	0%	Alto	86																			
venda de casas em porto alegre	BRL	50	-100%	0%	Desconhecido																				
venda de casas florianopolis	BRL	50	∞	0%	Alto	71																			
venda de casas no rio de janeiro	BRL	50	∞	0%	Alto	71																			
venda de imoveis em brasilia	BRL	50	0%	0%	Desconhecido																				
venda de imoveis em goiania	BRL	50	0%	0%	Desconhecido																				
venda de imoveis fortaleza	BRL	50	0%	-100%	Desconhecido																				
venda de imoveis goiania	BRL	50	0%	0%	Desconhecido																				
venda de imoveis joinville	BRL	50	-100%	0%	Desconhecido																				
venda de imoveis no df	BRL	50	0%	-100%	Desconhecido																				
venda de imoveis santo andre	BRL	50	∞	∞	Alto	71																			
venda de imoveis sp	BRL	50	0%	0%	Alto	72	"0,35"	"9,24"																	
venda de imóveis em brasília	BRL	50	0%	0%	Desconhecido																				
venda de imóveis em florianópolis	BRL	50	∞	0%	Alto	86																			
venda de imóveis em fortaleza	BRL	50	0%	-100%	Desconhecido																				
venda de são paulo	BRL	50	0%	0%	Médio	57																			
venda em belo horizonte	BRL	50	0%	0%	Desconhecido																				
venda em fortaleza	BRL	50	∞	∞	Baixo	0																			
venda em porto alegre	BRL	50	0%	0%	Desconhecido																				
venda imoveis brasilia	BRL	50	0%	0%	Alto	86																			
venda imoveis df	BRL	50	0%	0%	Alto	79																			
venda imoveis fortaleza	BRL	50	∞	0%	Médio	57																			
venda imoveis goiania	BRL	50	∞	0%	Alto	86																			
venda imoveis rio de janeiro	BRL	50	0%	0%	Alto	86	"0,82"	"5,61"																	
venda imoveis sao paulo	BRL	50	0%	0%	Alto	78	"0,46"	"6,09"																	
venda imoveis sp	BRL	50	0%	0%	Alto	86																			
venda imóveis florianópolis	BRL	50	0%	0%	Alto	82	"0,30"	"1,79"																	
venda kitnet curitiba	BRL	0	0%	-100%	Desconhecido																				
venda sao paulo	BRL	50	0%	0%	Médio	40	"1,82"	"8,17"																	
venda são paulo	BRL	50	0%	0%	Baixo	4																			
vendas de casas sp	BRL	50	0%	0%	Alto	83	"0,88"	"3,42"																	
vende se casa florianopolis	BRL	50	0%	0%	Desconhecido																				
vendo apartamento curitiba	BRL	50	0%	-90%	Alto	68	"0,23"	"1,72"																	
vendo casa em curitiba	BRL	50	-100%	-100%	Desconhecido																				
vila madalena sp aluguel	BRL	50	-100%	-100%	Desconhecido																				
vila mariana aluguel apartamento	BRL	500	0%	0%	Alto	78	"0,47"	"3,14"																	
vila mariana apartamento para alugar	BRL	50	0%	0%	Alto	79	"0,35"	"3,41"																	
vila mariana sp aluguel	BRL	50	0%	0%	Alto	76	"0,05"	"0,97"																	
vila olimpia apartamento aluguel	BRL	500	0%	0%	Alto	80	"0,51"	"4,02"																	
vila olimpia imoveis	BRL	50	0%	0%	Alto	83	"1,57"	"8,62"																	
vila olimpia sao paulo aluguel	BRL	50	0%	0%	Desconhecido																				
vila olímpia aluguel	BRL	500	0%	0%	Alto	76	"0,31"	"2,72"																	
web imoveis sp	BRL	50	-90%	-90%	Alto	70	"0,57"	"3,12"																	
www imoveis brasilia	BRL	50	0%	0%	Desconhecido																				
www imoveis df	BRL	50	0%	0%	Desconhecido																				
www zap com br aluguel imoveis	BRL	0	0%	0%	Desconhecido																				
www zap com br imoveis rj	BRL	50	0%	0%	Médio	36																			
www zap imóveis rj com br	BRL	0	0%	0%	Desconhecido																				
www zapimoveis com br rio de janeiro	BRL		 --	 --	Desconhecido																				
zap alugar	BRL	50	∞	0%	Alto	86	"0,24"	"1,88"																	
zap alugar apartamento	BRL	50	0%	0%	Médio	57																			
zap aluguel curitiba	BRL	0	0%	0%	Desconhecido																				
zap aluguel de casas	BRL	50	0%	-100%	Desconhecido																				
zap aluguel de imóveis	BRL	50	0%	0%	Médio	62																			
zap aluguel imoveis	BRL	500	0%	0%	Médio	53	"0,33"	"1,97"																	
zap aluguel porto alegre	BRL	50	0%	0%	Desconhecido																				
zap aluguel rio de janeiro	BRL	50	∞	0%	Baixo	0																			
zap aluguel rj	BRL	50	0%	0%	Desconhecido																				
zap aluguel sp	BRL	50	∞	∞	Baixo	7																			
zap anuncio	BRL	50	0%	0%	Médio	60	"3,15"	"8,82"																	
zap apartamento	BRL	50	0%	0%	Desconhecido																				
zap apartamento para alugar	BRL	50	0%	0%	Médio	38	"1,51"	"10,35"																	
zap bh	BRL	50	0%	0%	Desconhecido																				
zap brasilia	BRL	50	-100%	0%	Desconhecido																				
zap campinas	BRL	50	-100%	-100%	Desconhecido																				
zap casa para alugar	BRL	50	0%	0%	Médio	49	"0,24"	"1,57"																	
zap curitiba	BRL	50	0%	-100%	Desconhecido																				
zap curitiba aluguel	BRL	0	0%	0%	Desconhecido																				
zap florianopolis	BRL	50	∞	∞	Alto	71																			
zap florianópolis	BRL	50	∞	∞	Baixo	0																			
zap fortaleza	BRL	50	0%	0%	Médio	39																			
zap goiania	BRL	50	0%	0%	Desconhecido																				
zap goiânia	BRL	50	-100%	0%	Desconhecido																				
zap imovei s	BRL	500	0%	0%	Médio	50	"0,72"	"6,10"																	
zap imoveis a venda	BRL	50	0%	0%	Alto	67																			
zap imoveis abc	BRL	50	0%	-100%	Desconhecido																				
zap imoveis alugar sp	BRL	50	0%	0%	Alto	76	"0,34"	"2,39"																	
zap imoveis aluguel porto alegre rs	BRL	50	0%	0%	Desconhecido																				
zap imoveis anuncio	BRL	50	0%	0%	Médio	58	"1,37"	"10,61"																	
zap imoveis bahia	BRL	50	-100%	-100%	Desconhecido																				
zap imoveis bela vista	BRL	50	-100%	-100%	Desconhecido																				
zap imoveis belo horizonte mg	BRL	0	0%	0%	Desconhecido																				
zap imoveis campinas sp	BRL	50	0%	-100%	Desconhecido																				
zap imoveis ce	BRL	50	0%	0%	Desconhecido																				
zap imoveis codigo	BRL	50	∞	0%	Baixo	0																			
zap imoveis compra	BRL	50	0%	0%	Médio	40	"0,72"	"1,70"																	
zap imoveis corretor	BRL	50	0%	0%	Médio	43																			
zap imoveis curitiba pr	BRL	50	0%	0%	Desconhecido																				
zap imoveis em goiania	BRL	50	0%	0%	Médio	38																			
zap imoveis em sao paulo	BRL	50	0%	0%	Médio	54	"0,80"	"2,57"																	
zap imoveis florianopolis aluguel	BRL	50	-100%	0%	Desconhecido																				
zap imoveis floripa	BRL	50	0%	0%	Desconhecido																				
zap imoveis fortaleza ce	BRL	50	∞	0%	Alto	71																			
zap imoveis goiania venda	BRL		 --	 --	Desconhecido																				
zap imoveis goias	BRL	0	0%	0%	Desconhecido																				
zap imoveis itaim bibi	BRL	50	0%	-100%	Desconhecido																				
zap imoveis joinville sc	BRL	50	0%	0%	Desconhecido																				
zap imoveis locação	BRL	50	0%	0%	Alto	69	"0,33"	"1,10"																	
zap imoveis locação rj	BRL	50	0%	0%	Desconhecido																				
zap imoveis londrina pr	BRL	0	0%	-100%	Desconhecido																				
zap imoveis meus anuncios	BRL	50	0%	0%	Baixo	2																			
zap imoveis mg	BRL	50	0%	-100%	Desconhecido																				
zap imoveis paga para anunciar	BRL	50	0%	0%	Médio	43																			
zap imoveis para alugar em porto alegre	BRL	0	0%	0%	Desconhecido																				
zap imoveis pe	BRL	50	0%	0%	Desconhecido																				
zap imoveis poa	BRL	50	0%	0%	Desconhecido																				
zap imoveis poa rs	BRL	0	0%	0%	Desconhecido																				
zap imoveis quanto custa anunciar	BRL	50	0%	-100%	Desconhecido																				
zap imoveis recife pe	BRL	50	0%	0%	Desconhecido																				
zap imoveis rio	BRL	50	0%	-100%	Desconhecido																				
zap imoveis rio de janeiro rj	BRL	50	0%	0%	Alto	86																			
zap imoveis rs	BRL	50	∞	∞	Baixo	0																			
zap imoveis salvador ba	BRL	50	0%	0%	Desconhecido																				
zap imoveis site	BRL	50	0%	0%	Médio	55	"0,48"	"3,49"																	
zap imoveis sp alugar	BRL	50	0%	0%	Alto	76	"0,34"	"2,39"																	
zap imoveis telefone rj	BRL	0	0%	0%	Desconhecido																				
zap imoveis vila mariana	BRL	50	0%	0%	Médio	40	"1,01"	"4,23"																	
zap imoveis vila olimpia	BRL	50	-100%	-100%	Desconhecido																				
zap imóveis alugar	BRL	500	0%	0%	Médio	64	"0,30"	"1,32"																	
zap imóveis aluguel centro rj	BRL	50	-100%	0%	Desconhecido																				
zap imóveis aluguel curitiba	BRL	50	0%	0%	Desconhecido																				
zap imóveis aluguel porto alegre	BRL	50	0%	0%	Desconhecido																				
zap imóveis apartamento para alugar	BRL	50	∞	0%	Baixo	33																			
zap imóveis brasília	BRL	50	∞	∞	Alto	71																			
zap imóveis compra rj	BRL	50	0%	0%	Desconhecido																				
zap imóveis curitiba venda	BRL	50	0%	-100%	Desconhecido																				
zap imóveis e gratuito	BRL	50	0%	0%	Desconhecido																				
zap imóveis joinville aluguel	BRL	50	0%	0%	Desconhecido																				
zap imóveis meus anúncios	BRL	50	-100%	0%	Desconhecido																				
zap imóveis pernambuco	BRL	50	∞	∞	Baixo	0																			
zap imóveis rio de janeiro venda	BRL	50	∞	0%	Baixo	29																			
zap imóveis rj venda casas	BRL	0	0%	0%	Desconhecido																				
zap imóveis salvador bahia	BRL	50	-100%	0%	Desconhecido																				
zap imóveis sao paulo	BRL	50	0%	0%	Alto	81	"0,63"	"3,28"																	
zap imóveis sp aluguel	BRL	50	0%	0%	Alto	76	"0,34"	"2,39"																	
zap imóveis venda rio de janeiro	BRL	50	∞	0%	Baixo	29																			
zap imóveis venda rj	BRL	50	0%	0%	Médio	43	"0,26"	"2,98"																	
zap joinville	BRL	0	0%	-100%	Desconhecido																				
zap locação	BRL	50	0%	0%	Médio	47	"0,33"	"3,88"																	
zap londrina	BRL	50	0%	0%	Desconhecido																				
zap porto alegre	BRL	50	0%	-100%	Desconhecido																				
zap proprietario	BRL	50	-100%	-100%	Desconhecido																				
zap recife	BRL	50	0%	-100%	Desconhecido																				
zap rio	BRL	50	∞	∞	Baixo	0																			
zap salvador	BRL	50	∞	∞	Desconhecido																				
zap sao paulo	BRL	50	0%	0%	Baixo	14																			
zap sp	BRL	50	0%	0%	Baixo	21																			
zap são paulo	BRL	50	0%	0%	Baixo	30																			
zap venda imoveis rj	BRL	50	0%	0%	Médio	43	"0,26"	"2,98"																	
zap vendas de imóveis	BRL	50	0%	0%	Alto	73	"0,21"	"6,57"																	
zap zap imoveis	BRL	50	0%	0%	Médio	38																			
zapimoveis santo andre	BRL	50	0%	0%	Médio	54	"0,44"	"1,43"																	
zip aluguel	BRL	50	0%	0%	Médio	57																			
zip zap imóveis	BRL	50	0%	0%	Baixo	0																			
zoom aluguel	BRL	50	-100%	-100%	Desconhecido																				
à venda em curitiba	BRL	50	0%	-100%	Desconhecido																				